1305031453.359684 1.3112 0.8507 1.5186 0.885074 0.236193 -0.0897973 -0.390888
1305031453.459685 1.33235 0.832643 1.53071 0.891573 0.202878 -0.0869335 -0.39545
1305031453.559753 1.35405 0.800195 1.54658 0.890025 0.172741 -0.0877502 -0.412693
1305031453.659600 1.35574 0.743401 1.55701 0.880631 0.162297 -0.0903351 -0.435876
1305031453.759694 1.34748 0.678002 1.56064 0.867887 0.182049 -0.0986826 -0.451544
1305031453.859705 1.3317 0.61828 1.55936 0.856638 0.20855 -0.114936 -0.457677
1305031453.959641 1.31096 0.578753 1.55894 0.849476 0.245149 -0.149644 -0.442605
1305031454.059654 1.28403 0.548725 1.55393 0.835213 0.287369 -0.166432 -0.438337
1305031454.159672 1.26231 0.522179 1.55229 0.814636 0.336615 -0.188993 -0.432828
1305031454.259627 1.23267 0.507061 1.54563 0.786571 0.394765 -0.210911 -0.425421
1305031454.359636 1.21025 0.487747 1.54459 0.761963 0.440093 -0.219211 -0.421518
1305031454.459913 1.20104 0.468679 1.53322 0.73247 0.485398 -0.230564 -0.417991
1305031454.559575 1.19786 0.442246 1.52084 0.706714 0.5287 -0.224506 -0.413072
1305031454.659528 1.20421 0.423092 1.50821 0.679137 0.572877 -0.237135 -0.392878
1305031454.759732 1.21618 0.430571 1.49569 0.66832 0.593616 -0.262614 -0.363322
1305031454.859620 1.23572 0.430086 1.47545 0.684319 0.578987 -0.271016 -0.350758
1305031454.959648 1.24961 0.409736 1.46154 0.705325 0.558932 -0.260452 -0.349681
1305031455.059636 1.25481 0.379903 1.44636 0.715476 0.547423 -0.256459 -0.350215
1305031455.159720 1.25389 0.339684 1.43311 0.722085 0.537284 -0.246323 -0.359506
1305031455.259631 1.24627 0.301178 1.41915 0.736813 0.519122 -0.241258 -0.359741
1305031455.359630 1.2309 0.261925 1.41199 0.761904 0.495621 -0.235447 -0.344131
1305031455.459589 1.19904 0.227834 1.41831 0.789303 0.469674 -0.220926 -0.328022
1305031455.559669 1.16953 0.183489 1.43162 0.811222 0.435809 -0.224188 -0.318951
1305031455.659615 1.13704 0.142695 1.44824 0.825811 0.406731 -0.231709 -0.314512
1305031455.759683 1.10822 0.0957911 1.46915 0.82298 0.409495 -0.218828 -0.32731
1305031455.859526 1.07746 0.0538343 1.50518 0.824862 0.404947 -0.208029 -0.335179
1305031455.959716 1.05532 0.0190146 1.53239 0.82633 0.403787 -0.196549 -0.339857
1305031456.059713 1.0288 -0.012042 1.55335 0.831722 0.411167 -0.169288 -0.332448
1305031456.159731 0.991568 -0.0164373 1.5799 0.836704 0.413547 -0.150927 -0.32577
1305031456.291675 0.948384 -0.0261435 1.59485 0.846534 0.386491 -0.123002 -0.344782
1305031456.427662 0.892739 -0.0430473 1.5925 0.856121 0.346291 -0.0911372 -0.372603
1305031456.591651 0.822936 -0.074109 1.54881 0.869811 0.316368 -0.0846697 -0.369015
1305031456.727693 0.752213 -0.0876573 1.51053 0.891072 0.281227 -0.0674958 -0.349781
1305031456.891672 0.68764 -0.0697014 1.47482 0.904939 0.25687 -0.0880208 -0.327652
1305031456.991709 0.650287 -0.0898485 1.44395 0.910305 0.236767 -0.0739576 -0.331385
1305031457.127632 0.603119 -0.102043 1.43574 0.922394 0.213147 -0.055668 -0.317267
1305031457.291656 0.546512 -0.144853 1.4561 0.927688 0.168664 -0.033291 -0.331419
1305031457.427641 0.491452 -0.197452 1.47931 0.927448 0.126965 -0.00373681 -0.35172
1305031457.559685 0.443095 -0.2336 1.52068 0.926813 0.106551 0.00118695 -0.360087
1305031457.659632 0.402162 -0.269473 1.54002 0.924679 0.0917367 0.00547629 -0.36949
1305031457.759556 0.36228 -0.269303 1.5789 0.928446 0.091333 0.00956392 -0.359936
1305031457.859623 0.324991 -0.284009 1.60649 0.920636 0.081376 0.0242206 -0.381078
1305031457.991644 0.247868 -0.291385 1.63609 0.909547 0.0644187 0.0330261 -0.409247
1305031458.091690 0.204023 -0.305047 1.62647 0.900219 0.0527446 0.0404102 -0.430339
1305031458.191646 0.134025 -0.296032 1.61253 0.899857 0.0416951 0.049908 -0.431311
1305031458.291664 0.0602357 -0.263199 1.60823 0.902638 0.0447926 0.0483887 -0.425319
1305031458.391626 0.00316714 -0.238161 1.59124 0.895827 0.0418837 0.0336254 -0.441145
1305031458.491696 -0.0245595 -0.196581 1.56975 0.878319 0.0199262 0.0342051 -0.476433
1305031458.591641 -0.0607495 -0.193202 1.48559 0.850334 0.0178263 0.0584059 -0.522688
1305031458.691674 -0.0949623 -0.180131 1.38178 0.846917 0.0390767 0.0537347 -0.527558
1305031458.791632 -0.0895669 -0.150399 1.33589 0.844969 0.0884638 0.0195029 -0.527088
1305031458.927621 -0.098859 -0.118475 1.3188 0.8468 0.0963995 0.015676 -0.522867
1305031459.027665 -0.166269 -0.086715 1.31896 0.848025 0.0753571 0.0247874 -0.523985
1305031459.159639 -0.259963 -0.073233 1.30396 0.833018 0.0748118 -0.0504845 -0.545834
1305031459.259760 -0.271036 -0.0555638 1.27275 0.830277 0.0663236 -0.0979783 -0.544648
1305031459.391667 -0.365997 0.139364 1.08168 0.829083 -0.0460571 -0.0562421 -0.554379
1305031459.527594 -0.391278 0.135024 1.04766 0.826348 -0.220054 -0.0110329 -0.51827
1305031459.627608 -0.453628 0.143291 1.06316 0.822808 -0.284931 0.00357538 -0.491721
1305031459.727551 -0.506282 0.155104 1.06389 0.821093 -0.306767 0.0309488 -0.480356
1305031459.859660 -0.590998 0.185199 1.06925 0.820621 -0.302748 0.05122 -0.481976
1305031459.991725 -0.645182 0.226651 1.08431 0.825051 -0.31116 0.039569 -0.470005
1305031460.091717 -0.686997 0.263352 1.10397 0.822929 -0.321551 0.0342154 -0.467143
1305031460.191559 -0.708844 0.296489 1.1082 0.815665 -0.334412 0.000771918 -0.472079
1305031460.327512 -0.719999 0.337114 1.12733 0.808362 -0.349639 0.0193933 -0.473209
1305031460.459620 -0.731413 0.370156 1.13911 0.797904 -0.380382 0.051778 -0.464735
1305031460.559647 -0.750942 0.407462 1.15824 0.791363 -0.417373 0.0825028 -0.439019
1305031460.659764 -0.773553 0.442264 1.17151 0.785369 -0.432201 0.110684 -0.429124
1305031460.759667 -0.791849 0.480084 1.18149 0.786251 -0.438306 0.125755 -0.416993
1305031460.859714 -0.807436 0.518496 1.18308 0.79036 -0.437219 0.141007 -0.405323
1305031460.991668 -0.812522 0.585539 1.20504 0.794888 -0.443258 0.156176 -0.383777
1305031461.127586 -0.811637 0.638617 1.21381 0.794568 -0.443358 0.158464 -0.383384
1305031461.227607 -0.811107 0.672974 1.21861 0.794032 -0.436874 0.166368 -0.388557
1305031461.327751 -0.803394 0.697577 1.21713 0.795679 -0.424324 0.17457 -0.395435
1305031461.427624 -0.794856 0.726116 1.21272 0.800594 -0.42185 0.183882 -0.383769
1305031461.527705 -0.779626 0.739306 1.2163 0.801543 -0.422894 0.184918 -0.380125
1305031461.627541 -0.765623 0.726969 1.21897 0.800272 -0.420741 0.200317 -0.37738
1305031461.727602 -0.750888 0.712321 1.21428 0.796371 -0.43365 0.201941 -0.370082
1305031461.827615 -0.73619 0.679697 1.20532 0.791495 -0.447113 0.202807 -0.363999
1305031461.927758 -0.729647 0.64245 1.18255 0.783364 -0.474865 0.193958 -0.351033
1305031462.027675 -0.727295 0.599543 1.15831 0.777563 -0.498016 0.192143 -0.33235
1305031462.127739 -0.715639 0.563421 1.13749 0.773823 -0.522035 0.157228 -0.322422
1305031462.227633 -0.721517 0.546564 1.12183 0.77705 -0.527528 0.154098 -0.306857
1305031462.327540 -0.734013 0.536324 1.10521 0.791844 -0.51609 0.155104 -0.287363
1305031462.427635 -0.753492 0.514733 1.0767 0.810401 -0.496559 0.149694 -0.272526
1305031462.527670 -0.780813 0.482439 1.0395 0.831792 -0.465972 0.139772 -0.267312
1305031462.627851 -0.79296 0.471672 1.04826 0.850163 -0.442323 0.133549 -0.252464
1305031462.727652 -0.823331 0.403137 0.995287 0.861297 -0.386238 0.151356 -0.293391
1305031462.827816 -0.729138 0.361497 1.1025 0.887595 -0.380754 0.0556804 -0.253182
1305031462.927607 -0.709798 0.303661 1.09583 0.895086 -0.361621 0.0492429 -0.256177
1305031463.027667 -0.687632 0.266054 1.11384 0.898715 -0.347401 0.0396035 -0.264681
1305031463.127550 -0.667097 0.211696 1.1085 0.903914 -0.3134 0.0366368 -0.288752
1305031463.227784 -0.641157 0.160475 1.09931 0.907311 -0.285443 0.0382688 -0.306339
1305031463.327739 -0.610341 0.12125 1.09229 0.906857 -0.268461 0.0375367 -0.322691
1305031463.427716 -0.568443 0.083597 1.08688 0.906134 -0.252288 0.024363 -0.338642
1305031463.527670 -0.515853 0.0526184 1.09546 0.90726 -0.248852 0.0236165 -0.338221
1305031463.627588 -0.469399 0.02726 1.10459 0.90651 -0.24633 0.0207968 -0.34224
1305031463.727588 -0.416117 -0.00290881 1.12871 0.904446 -0.23853 0.0199766 -0.353102
1305031463.827761 -0.364115 -0.0277041 1.16575 0.90414 -0.216383 0.0337009 -0.366842
1305031463.927664 -0.319796 -0.0491321 1.20343 0.903908 -0.193668 0.0453115 -0.378669
1305031464.027703 -0.274639 -0.0715117 1.24516 0.904141 -0.168773 0.0416489 -0.390268
1305031464.127681 -0.246477 -0.0870735 1.29093 0.902881 -0.14722 0.0517882 -0.400561
1305031464.227624 -0.229212 -0.102536 1.33036 0.894782 -0.130594 0.0343281 -0.425595
1305031464.327866 -0.183517 -0.127167 1.35102 0.893133 -0.098178 -0.0101465 -0.438829
1305031464.427634 -0.121276 -0.14669 1.38138 0.889697 -0.0689648 -0.0241121 -0.450668
1305031464.527574 -0.0756665 -0.169814 1.41418 0.886854 -0.0451085 -0.0212437 -0.459351
1305031464.627672 0.00155923 -0.178473 1.48601 0.884668 -0.0221369 -0.00701849 -0.465643
1305031464.727652 0.00794307 -0.192585 1.51673 0.859741 0.00439035 0.0400439 -0.509139
1305031464.827759 0.0179049 -0.19857 1.52144 0.839338 0.0528605 0.0412758 -0.539458
1305031464.927799 0.0747992 -0.180616 1.53798 0.832732 0.128322 0.0176658 -0.538311
1305031465.027823 0.112541 -0.140578 1.53675 0.81456 0.183473 0.0310758 -0.549421
1305031465.127664 0.166792 -0.131746 1.45574 0.806379 0.239082 0.0199242 -0.540551
1305031465.227907 0.20528 -0.0796784 1.41952 0.821231 0.276319 0.00476609 -0.499204
1305031465.327674 0.242248 -0.036469 1.37281 0.837007 0.273503 -0.0312986 -0.4729
1305031465.427697 0.306779 0.000568304 1.35189 0.842302 0.267412 -0.0931774 -0.458624
1305031465.527622 0.386373 0.0188985 1.32424 0.844315 0.258426 -0.139152 -0.448313
1305031465.627688 0.472739 0.0222386 1.29163 0.837246 0.243781 -0.174887 -0.45717
1305031465.727682 0.562796 0.0271007 1.25307 0.828037 0.22957 -0.214238 -0.464493
1305031465.827996 0.649078 0.0302408 1.20494 0.816957 0.213379 -0.243161 -0.477413
1305031465.927495 0.74871 0.0389547 1.13935 0.806479 0.199419 -0.254517 -0.49502
1305031466.027644 0.81727 0.0179548 1.0778 0.793288 0.19211 -0.245089 -0.523181
1305031466.127640 0.873793 -0.00851803 1.02821 0.797052 0.194299 -0.247351 -0.515533
1305031466.227951 0.93702 -0.0292863 1.00433 0.803641 0.210408 -0.263876 -0.490163
1305031466.327702 1.02156 -0.031098 1.00004 0.800454 0.231651 -0.248026 -0.494059
1305031466.427819 1.0667 -0.0506987 1.00858 0.801292 0.238558 -0.228522 -0.498797
1305031466.527538 1.14287 -0.038595 0.988709 0.799459 0.249711 -0.237978 -0.491809
1305031466.627549 1.20305 -0.0213873 0.98026 0.807508 0.259208 -0.226202 -0.479139
1305031466.728074 1.26243 -0.012427 0.960298 0.800521 0.277282 -0.217537 -0.484726
1305031466.827879 1.31748 0.00101525 0.94718 0.790403 0.293555 -0.216594 -0.492113
1305031466.927756 1.36283 0.0145867 0.951913 0.78222 0.309613 -0.241412 -0.483727
1305031467.027843 1.42036 0.0412891 0.948397 0.772314 0.326446 -0.258726 -0.479609
1305031467.128974 1.46572 0.0623164 0.944585 0.765196 0.345674 -0.256885 -0.478533
1305031467.227704 1.50515 0.0758187 0.940975 0.753202 0.365451 -0.261748 -0.480229
1305031467.328008 1.55039 0.0900586 0.935617 0.738853 0.384692 -0.270481 -0.482648
1305031467.427783 1.59362 0.1054 0.933923 0.733507 0.404141 -0.279743 -0.469449
1305031467.527663 1.64005 0.123919 0.926205 0.725591 0.424411 -0.287554 -0.459027
1305031467.627532 1.6684 0.148396 0.935329 0.723964 0.427509 -0.292403 -0.455646
1305031467.727535 1.69349 0.187374 0.937946 0.71087 0.432722 -0.306114 -0.462287
1305031467.827800 1.69893 0.233213 0.943895 0.698055 0.438563 -0.31391 -0.471002
1305031467.927754 1.69388 0.282663 0.938196 0.681415 0.442394 -0.335316 -0.476996
1305031468.028107 1.67826 0.343915 0.932782 0.670077 0.449942 -0.342934 -0.480567
1305031468.127816 1.65696 0.403717 0.939216 0.661528 0.457305 -0.348875 -0.481185
1305031468.228158 1.634 0.469137 0.951192 0.657891 0.464995 -0.348563 -0.479024
1305031468.327847 1.60922 0.539847 0.979396 0.663297 0.461846 -0.347435 -0.47542
1305031468.428025 1.5964 0.58706 1.0017 0.669025 0.456446 -0.346764 -0.473093
1305031468.527756 1.57558 0.632273 1.04226 0.672457 0.4599 -0.341565 -0.468645
1305031468.627626 1.5554 0.655091 1.08417 0.665418 0.472411 -0.334487 -0.471344
1305031468.727785 1.52447 0.680796 1.13689 0.655908 0.481804 -0.345104 -0.467496
1305031468.829247 1.49499 0.702904 1.17385 0.641127 0.491071 -0.349784 -0.474822
1305031468.928141 1.47154 0.717611 1.19301 0.646926 0.490677 -0.337324 -0.476378
1305031469.027699 1.45358 0.719958 1.20164 0.667482 0.502902 -0.312061 -0.451857
1305031469.127679 1.41582 0.752799 1.20022 0.675728 0.530412 -0.285207 -0.425102
1305031469.227754 1.37355 0.763041 1.2119 0.690795 0.538267 -0.24659 -0.415048
1305031469.327618 1.34451 0.778411 1.19465 0.697085 0.543442 -0.230053 -0.407209
1305031469.427651 1.31237 0.800823 1.16941 0.701106 0.548107 -0.197199 -0.411268
1305031469.527622 1.28207 0.79753 1.13708 0.703907 0.550001 -0.174177 -0.414338
1305031469.627752 1.25921 0.811139 1.09248 0.714344 0.55394 -0.168343 -0.393094
1305031469.727679 1.2328 0.81295 1.04635 0.726215 0.549537 -0.152992 -0.383685
1305031469.827526 1.19966 0.796717 1.00497 0.741033 0.544904 -0.139571 -0.366701
1305031469.927854 1.17201 0.768576 0.967789 0.75548 0.53935 -0.134742 -0.346694
1305031470.027694 1.35106 0.721326 0.540268 0.680229 0.436571 -0.324692 -0.491192
1305031470.127633 1.30952 0.644378 0.581642 0.709451 0.438113 -0.286702 -0.471739
1305031470.227618 1.27642 0.5966 0.559759 0.718393 0.430887 -0.289941 -0.462798
1305031470.327644 1.24034 0.556515 0.541763 0.732161 0.425884 -0.292945 -0.44356
1305031470.427641 1.20438 0.509267 0.518163 0.737462 0.417791 -0.301826 -0.436464
1305031470.527689 1.17763 0.479446 0.508204 0.733688 0.417962 -0.313624 -0.434338
1305031470.627729 1.15477 0.452326 0.508598 0.739688 0.414016 -0.318653 -0.424162
1305031470.727654 1.1183 0.405509 0.488265 0.743889 0.390799 -0.325809 -0.433306
1305031470.827831 1.09135 0.370742 0.469555 0.74812 0.362416 -0.331668 -0.446059
1305031470.927684 1.0689 0.344542 0.4737 0.744717 0.34243 -0.346245 -0.456348
1305031471.027644 1.05739 0.324028 0.498683 0.738649 0.328344 -0.353886 -0.470482
1305031471.127663 1.04806 0.302319 0.51413 0.734175 0.303035 -0.364081 -0.486418
1305031471.227569 1.03845 0.282668 0.520254 0.735699 0.280172 -0.369415 -0.493745
1305031471.327642 1.03171 0.274495 0.533517 0.740036 0.267268 -0.370632 -0.493504
1305031471.427704 1.02255 0.257715 0.548709 0.750853 0.243269 -0.361729 -0.496177
1305031471.527624 1.01951 0.247324 0.5584 0.754819 0.232592 -0.368992 -0.489892
1305031471.627621 1.02094 0.237132 0.564152 0.760084 0.222727 -0.364575 -0.489642
1305031471.727501 1.02128 0.222171 0.567708 0.766671 0.203504 -0.360338 -0.490875
1305031471.827639 1.01895 0.210702 0.566385 0.778171 0.178546 -0.357191 -0.484754
1305031471.927651 1.01463 0.206434 0.56564 0.792051 0.164698 -0.355484 -0.468145
1305031472.027638 1.00163 0.194455 0.564864 0.805964 0.148533 -0.339371 -0.461722
1305031472.127594 0.987154 0.185445 0.5692 0.817467 0.135184 -0.331273 -0.451365
1305031472.227626 0.979566 0.1836 0.577159 0.819971 0.127101 -0.3335 -0.447517
1305031472.327678 0.977023 0.178338 0.583193 0.816264 0.115514 -0.332571 -0.458002
1305031472.427686 0.976484 0.179908 0.5897 0.814567 0.115385 -0.338691 -0.456569
1305031472.527625 0.98084 0.184993 0.597716 0.815216 0.115507 -0.336558 -0.456957
1305031472.627701 0.986037 0.186355 0.601559 0.809919 0.10828 -0.342843 -0.463428
1305031472.727628 0.991301 0.195973 0.60815 0.807501 0.106908 -0.346759 -0.465049
1305031472.827627 0.993994 0.20222 0.613263 0.805362 0.105905 -0.343806 -0.471141
1305031472.927685 0.994031 0.207131 0.615424 0.804237 0.102762 -0.348577 -0.470252
1305031473.027638 0.992165 0.208848 0.616688 0.804518 0.10164 -0.350416 -0.468645
1305031473.127744 0.991958 0.212583 0.618054 0.804882 0.105271 -0.347116 -0.469673
