1305031910.765238 -0.8683 0.6026 1.5627 0.821951 -0.391224 0.16151 -0.381124
1305031910.835208 -0.868843 0.620179 1.56711 0.827559 -0.376309 0.1588 -0.385124
1305031910.897222 -0.870121 0.637943 1.5676 0.835699 -0.356342 0.151886 -0.389305
1305031910.965249 -0.870552 0.659149 1.56848 0.837659 -0.3424 0.151074 -0.397828
1305031911.035050 -0.880016 0.680203 1.57137 0.84705 -0.321091 0.139661 -0.399877
1305031911.097196 -0.885277 0.699077 1.57341 0.858887 -0.288571 0.116112 -0.406889
1305031911.165177 -0.886211 0.713297 1.57061 0.863771 -0.259591 0.10216 -0.419613
1305031911.235651 -0.891513 0.727606 1.56955 0.86727 -0.237056 0.0888274 -0.42867
1305031911.297334 -0.890837 0.738174 1.56565 0.87143 -0.212738 0.0761064 -0.435386
1305031911.365235 -0.884651 0.749715 1.56283 0.8729 -0.192412 0.0650267 -0.443615
1305031911.433256 -0.892706 0.764121 1.56088 0.870841 -0.180106 0.0619549 -0.453167
1305031911.497291 -0.902864 0.780821 1.55933 0.86877 -0.171412 0.0479277 -0.462125
1305031911.565335 -0.898467 0.790846 1.55537 0.865955 -0.15974 0.0291481 -0.473028
1305031911.633337 -0.898528 0.797856 1.54473 0.861561 -0.138263 0.0134147 -0.488279
1305031911.697167 -0.899377 0.808082 1.53731 0.862557 -0.114117 0.0035828 -0.49291
1305031911.765284 -0.901636 0.815113 1.52588 0.864917 -0.0905349 -0.00303498 -0.493673
1305031911.833338 -0.908596 0.824322 1.51976 0.869288 -0.0729558 -0.00820776 -0.488823
1305031911.897159 -0.913931 0.833126 1.51484 0.874042 -0.0565523 -0.02382 -0.481959
1305031911.965140 -0.918638 0.834144 1.51772 0.878812 -0.0346221 -0.0486081 -0.473422
1305031912.033135 -0.899328 0.844346 1.50496 0.881714 -0.0101564 -0.0862228 -0.463728
1305031912.096953 -0.883447 0.854255 1.49851 0.883382 0.00573212 -0.108559 -0.455871
1305031912.165138 -0.879172 0.859931 1.49988 0.882887 0.0315289 -0.111316 -0.45511
1305031912.233265 -0.875217 0.860599 1.4979 0.881062 0.0588599 -0.105809 -0.457242
1305031912.297250 -0.868975 0.864691 1.50681 0.875143 0.0761838 -0.101194 -0.466991
1305031912.365250 -0.872064 0.858539 1.51192 0.866796 0.0836747 -0.0999995 -0.481314
1305031912.433290 -0.868201 0.850441 1.5091 0.860077 0.100799 -0.107792 -0.488353
1305031912.497123 -0.858462 0.848918 1.50881 0.857656 0.121037 -0.117609 -0.485742
1305031912.565146 -0.849401 0.853264 1.50966 0.858897 0.131008 -0.129238 -0.477945
1305031912.633132 -0.840677 0.855008 1.50654 0.858804 0.137189 -0.140454 -0.473188
1305031912.697182 -0.836301 0.853599 1.50892 0.858007 0.151974 -0.150225 -0.467077
1305031912.765193 -0.828249 0.859738 1.50048 0.853826 0.174317 -0.159399 -0.463882
1305031912.833077 -0.823359 0.86122 1.4935 0.853957 0.180124 -0.156051 -0.462559
1305031912.897198 -0.820155 0.865056 1.49079 0.854971 0.178305 -0.147712 -0.464127
1305031912.965034 -0.817385 0.866008 1.49065 0.855009 0.173499 -0.138695 -0.468637
1305031913.033133 -0.81322 0.860433 1.49541 0.853126 0.168022 -0.129837 -0.476536
1305031913.097038 -0.807212 0.860706 1.49499 0.853262 0.15187 -0.128398 -0.482072
1305031913.165211 -0.799164 0.857685 1.49443 0.856618 0.120039 -0.118153 -0.487684
1305031913.233126 -0.790862 0.855252 1.49249 0.860154 0.081263 -0.108693 -0.491647
1305031913.297160 -0.788256 0.849329 1.48923 0.862549 0.0347219 -0.0962981 -0.49551
1305031913.365070 -0.782914 0.84601 1.48721 0.864073 -0.00492026 -0.0791421 -0.497082
1305031913.433081 -0.776308 0.843016 1.48711 0.864314 -0.0402555 -0.0565378 -0.49814
1305031913.497227 -0.742172 0.839309 1.48839 0.864632 -0.0892675 -0.0302986 -0.493482
1305031913.565261 -0.744355 0.829252 1.49164 0.862745 -0.141098 0.00490697 -0.485529
1305031913.633293 -0.750917 0.8114 1.49089 0.854851 -0.185675 0.0411159 -0.482766
1305031913.697243 -0.757931 0.797233 1.49234 0.84895 -0.238127 0.069771 -0.466596
1305031913.765028 -0.760644 0.77814 1.49798 0.843742 -0.28454 0.0948859 -0.445121
1305031913.833143 -0.762144 0.76406 1.50445 0.837824 -0.327691 0.111333 -0.422226
1305031913.897116 -0.765989 0.743707 1.5113 0.825292 -0.370492 0.127386 -0.406695
1305031913.965134 -0.7667 0.720351 1.51895 0.812319 -0.403163 0.13938 -0.397707
1305031914.033441 -0.762474 0.692325 1.52213 0.796728 -0.437209 0.148161 -0.390027
1305031914.097126 -0.766431 0.658944 1.52317 0.782176 -0.46406 0.161871 -0.382946
1305031914.165013 -0.760183 0.624701 1.52723 0.768574 -0.487444 0.17196 -0.37699
1305031914.233108 -0.737966 0.575233 1.53288 0.757732 -0.503501 0.180512 -0.373824
1305031914.297165 -0.744578 0.537639 1.52868 0.742903 -0.511616 0.210127 -0.377082
1305031914.365058 -0.758883 0.502611 1.5148 0.742618 -0.511614 0.223065 -0.370151
1305031914.433060 -0.748131 0.455082 1.51901 0.749062 -0.511763 0.213628 -0.362446
1305031914.497127 -0.738981 0.400342 1.51803 0.754574 -0.508146 0.210929 -0.35765
1305031914.565001 -0.735017 0.356156 1.52288 0.760217 -0.504618 0.21288 -0.349447
1305031914.633055 -0.7319 0.305013 1.51958 0.76727 -0.498818 0.215265 -0.34079
1305031914.697129 -0.720126 0.2587 1.5235 0.770362 -0.501367 0.216664 -0.328983
1305031914.764901 -0.719964 0.222308 1.52121 0.77181 -0.499967 0.224887 -0.32213
1305031914.833133 -0.707467 0.190539 1.52065 0.775636 -0.499663 0.220504 -0.316391
1305031914.897188 -0.698257 0.155717 1.52448 0.781033 -0.492378 0.214447 -0.31869
1305031914.964978 -0.687455 0.116579 1.5299 0.784952 -0.481643 0.207233 -0.330037
1305031915.033152 -0.676433 0.0772866 1.53138 0.787034 -0.47697 0.201763 -0.335214
1305031915.097024 -0.661426 0.0372365 1.53449 0.790469 -0.469737 0.197509 -0.339848
1305031915.165021 -0.644261 0.000227869 1.54142 0.797558 -0.451474 0.202412 -0.34511
1305031915.233111 -0.635397 -0.0398869 1.53824 0.803515 -0.427749 0.208955 -0.357397
1305031915.297152 -0.621628 -0.068134 1.54111 0.811401 -0.410943 0.205034 -0.361545
1305031915.365050 -0.598708 -0.104081 1.54686 0.821866 -0.390357 0.18848 -0.369639
1305031915.432960 -0.571201 -0.136709 1.55606 0.833741 -0.367066 0.173082 -0.374407
1305031915.497121 -0.5555 -0.168943 1.55426 0.847884 -0.329954 0.165507 -0.380567
1305031915.564985 -0.518144 -0.205421 1.56587 0.860879 -0.300712 0.148176 -0.382758
1305031915.633062 -0.488264 -0.240563 1.57161 0.868437 -0.277912 0.152474 -0.381228
1305031915.701106 -0.469242 -0.260299 1.57749 0.869573 -0.267753 0.158858 -0.383296
1305031915.765010 -0.46281 -0.277902 1.57057 0.874135 -0.252892 0.147027 -0.387708
1305031915.833049 -0.427553 -0.299623 1.57616 0.883026 -0.226582 0.119107 -0.393369
1305031915.901234 -0.397499 -0.326517 1.57028 0.891621 -0.196282 0.0986881 -0.395912
1305031915.965061 -0.357813 -0.345378 1.57589 0.899409 -0.175117 0.0813196 -0.392154
1305031916.033043 -0.325436 -0.364732 1.57566 0.904865 -0.15427 0.0761029 -0.389394
1305031916.101115 -0.289461 -0.362685 1.60683 0.901586 -0.131774 0.0755011 -0.405066
1305031916.165155 -0.279943 -0.39056 1.59363 0.880823 -0.104018 0.0722575 -0.45619
1305031916.233050 -0.241852 -0.414448 1.58477 0.87126 -0.075428 0.0483786 -0.482572
1305031916.301076 -0.206993 -0.43629 1.58936 0.858709 -0.0463249 0.0442244 -0.508446
1305031916.365121 -0.170886 -0.455011 1.60957 0.842955 -0.0229186 0.051907 -0.534983
1305031916.433168 -0.154195 -0.474157 1.61978 0.825022 -0.0160394 0.0669096 -0.560896
1305031916.501025 -0.146809 -0.487971 1.63036 0.808554 -0.0153136 0.064123 -0.584718
1305031916.565142 -0.129151 -0.496117 1.63892 0.790556 -0.00210951 0.0471432 -0.610569
1305031916.633156 -0.101639 -0.500941 1.64735 0.779359 0.013712 0.0262527 -0.625877
1305031916.701048 -0.0676816 -0.501091 1.64948 0.76577 0.0282915 0.0152886 -0.64231
1305031916.765076 -0.0386732 -0.495778 1.65635 0.753373 0.0384369 0.00252941 -0.656464
1305031916.833266 -0.00601818 -0.485882 1.65578 0.738179 0.0447493 -0.0130562 -0.672993
1305031916.901017 0.0230087 -0.470439 1.66897 0.725281 0.0518591 -0.0298175 -0.685849
1305031916.965054 0.0523632 -0.460685 1.66763 0.709137 0.0595791 -0.0434964 -0.701201
1305031917.033155 0.0816389 -0.433039 1.70147 0.693568 0.0649275 -0.0566386 -0.71522
1305031917.101130 0.109766 -0.433616 1.71698 0.668266 0.075476 -0.0604519 -0.73761
1305031917.165045 0.125507 -0.42237 1.72661 0.6389 0.083122 -0.0574624 -0.762624
1305031917.233102 0.0879439 -0.43652 1.70213 0.611013 0.0761594 -0.0520063 -0.786231
1305031917.301107 -0.00602867 -0.498484 1.97908 0.627253 0.0589581 -0.0541276 -0.774692
1305031917.365138 0.011187 -0.508162 1.98307 0.623955 0.0604045 -0.0636337 -0.776519
1305031917.433141 0.00733667 -0.52747 1.98685 0.633589 0.0597942 -0.068728 -0.768288
1305031917.501158 0.00756314 -0.543358 1.96103 0.65252 0.0558153 -0.0694108 -0.752519
1305031917.565195 0.055938 -0.532285 1.95403 0.676242 0.0660739 -0.0728033 -0.730089
1305031917.633090 0.0885745 -0.524139 1.93986 0.696722 0.0760932 -0.076818 -0.709145
1305031917.701096 0.107274 -0.528877 1.94059 0.715906 0.079969 -0.0860053 -0.688249
1305031917.765114 0.150196 -0.544896 1.93321 0.734855 0.0866293 -0.100655 -0.665095
1305031917.833090 0.191042 -0.550481 1.92183 0.758779 0.0912655 -0.116038 -0.634398
1305031917.901060 0.232284 -0.563134 1.91125 0.78135 0.101492 -0.122406 -0.603497
1305031917.965346 0.266626 -0.563989 1.90397 0.805106 0.106704 -0.12765 -0.569319
1305031918.033144 0.291628 -0.575739 1.8912 0.822624 0.118001 -0.126321 -0.541672
1305031918.101060 0.322059 -0.571134 1.89693 0.836782 0.13657 -0.128995 -0.5143
1305031918.165017 0.36359 -0.566061 1.89106 0.847077 0.15477 -0.132725 -0.490806
1305031918.233042 0.398592 -0.567555 1.8782 0.856272 0.163456 -0.129309 -0.472609
1305031918.301124 0.436133 -0.563861 1.86589 0.867405 0.175955 -0.120864 -0.449488
1305031918.365072 0.480082 -0.548608 1.85591 0.878503 0.189067 -0.111085 -0.424437
1305031918.433043 0.521451 -0.541435 1.83284 0.888721 0.196247 -0.0975899 -0.402665
1305031918.501125 0.567548 -0.516309 1.82716 0.898574 0.199435 -0.0852178 -0.381483
1305031918.565018 0.611049 -0.50319 1.80987 0.903688 0.200275 -0.0748011 -0.371001
1305031918.633027 0.649072 -0.483303 1.80352 0.908116 0.202426 -0.067635 -0.360243
1305031918.701017 0.685228 -0.464467 1.80039 0.91078 0.211049 -0.0666883 -0.348554
1305031918.801097 0.749469 -0.429724 1.80507 0.906517 0.238707 -0.0594061 -0.343098
1305031918.865115 0.777591 -0.415745 1.80692 0.898812 0.26273 -0.0478191 -0.347595
1305031918.933071 0.804363 -0.40235 1.81156 0.887592 0.29345 -0.0476925 -0.351841
1305031919.001053 0.834777 -0.384221 1.81315 0.874425 0.327221 -0.0552901 -0.353908
1305031919.065147 0.866718 -0.371175 1.80821 0.862679 0.354844 -0.0698918 -0.353534
1305031919.133133 0.899898 -0.348 1.80663 0.851432 0.382682 -0.0835402 -0.348767
1305031919.201124 0.927728 -0.332065 1.7996 0.841203 0.405407 -0.0950454 -0.344947
1305031919.265125 0.95653 -0.313029 1.79741 0.823658 0.44006 -0.112088 -0.339663
1305031919.333120 0.992971 -0.29746 1.79658 0.80563 0.466789 -0.134803 -0.338964
1305031919.401124 1.03132 -0.279869 1.79676 0.791853 0.489332 -0.15473 -0.331031
1305031919.465070 1.07413 -0.26188 1.79964 0.778371 0.509887 -0.173519 -0.322561
1305031919.533110 1.11018 -0.235111 1.8118 0.770475 0.523413 -0.180942 -0.315702
1305031919.601094 1.14069 -0.222314 1.81979 0.763133 0.528737 -0.18606 -0.321632
1305031919.665042 1.17276 -0.196987 1.83455 0.752289 0.53357 -0.203963 -0.328274
1305031919.733117 1.1993 -0.166868 1.84767 0.744832 0.532699 -0.213935 -0.34013
1305031919.801129 1.21541 -0.154046 1.85166 0.739468 0.527292 -0.231191 -0.348855
1305031919.865180 1.23362 -0.129624 1.84573 0.729754 0.529987 -0.265032 -0.341073
1305031919.933102 1.2398 -0.0849739 1.85239 0.723233 0.529954 -0.293021 -0.331997
1305031920.001054 1.24021 -0.05057 1.8539 0.719295 0.523963 -0.316129 -0.328848
1305031920.065136 1.23764 -0.0246946 1.84587 0.710008 0.524147 -0.343234 -0.321481
1305031920.132987 1.23979 0.011244 1.83388 0.696666 0.527798 -0.36755 -0.317794
1305031920.201166 1.24034 0.0583647 1.82214 0.690427 0.5314 -0.376554 -0.314851
1305031920.265120 1.23073 0.0999298 1.81656 0.696893 0.522148 -0.370853 -0.322753
1305031920.333124 1.21923 0.132373 1.81241 0.711139 0.500463 -0.36004 -0.337918
1305031920.401115 1.2061 0.164911 1.80481 0.728588 0.474058 -0.347135 -0.352031
1305031920.465148 1.19434 0.185445 1.80353 0.741067 0.449601 -0.333191 -0.37103
1305031920.533105 1.18237 0.199471 1.80767 0.747039 0.431071 -0.322187 -0.390265
1305031920.633105 1.17458 0.246144 1.80411 0.75037 0.407375 -0.325548 -0.406212
1305031920.701147 1.16968 0.29064 1.80126 0.763824 0.378921 -0.313472 -0.418005
1305031920.765152 1.16555 0.308061 1.80158 0.775465 0.345361 -0.290925 -0.441296
1305031920.833132 1.16182 0.321876 1.80485 0.783676 0.316602 -0.271756 -0.460177
1305031920.901037 1.16358 0.342591 1.81187 0.790137 0.29113 -0.257828 -0.473764
1305031920.965217 1.16875 0.364549 1.81466 0.800455 0.261943 -0.242466 -0.481527
1305031921.033111 1.16852 0.381891 1.82334 0.808803 0.239108 -0.221935 -0.489295
1305031921.101105 1.17245 0.398377 1.8265 0.817441 0.221523 -0.202585 -0.491607
1305031921.165116 1.17644 0.422605 1.8293 0.828527 0.21 -0.18096 -0.486515
1305031921.233189 1.181 0.452479 1.84205 0.834753 0.201148 -0.158163 -0.487557
1305031921.301188 1.17859 0.465998 1.84581 0.836263 0.189635 -0.14208 -0.494487
1305031921.365112 1.18113 0.483087 1.85107 0.83983 0.175491 -0.135685 -0.495457
1305031921.433143 1.19213 0.501604 1.85687 0.843153 0.16045 -0.128052 -0.496942
1305031921.501096 1.20247 0.518125 1.85988 0.847964 0.138147 -0.119552 -0.497574
1305031921.565119 1.22243 0.547056 1.86735 0.85146 0.117141 -0.104141 -0.500448
1305031921.633107 1.22676 0.544897 1.85104 0.851622 0.0927948 -0.0811363 -0.509457
1305031921.733068 1.32742 0.578921 1.84121 0.857587 0.0553957 -0.060054 -0.507808
1305031921.801034 1.22388 0.585555 1.85712 0.866043 0.0136631 -0.000804712 -0.499781
1305031921.865148 1.22588 0.606886 1.85763 0.870392 -0.00265648 0.0111271 -0.492226
1305031921.933132 1.22604 0.620264 1.85101 0.873652 -0.0170951 0.0251343 -0.4856
1305031922.001101 1.23462 0.634685 1.84391 0.873923 -0.039863 0.041274 -0.482665
1305031922.101032 1.2208 0.656628 1.84276 0.876004 -0.0732158 0.0694541 -0.471628
1305031922.165062 1.21767 0.663625 1.83663 0.875494 -0.0923483 0.0827795 -0.467043
1305031922.233248 1.21177 0.674302 1.83784 0.876232 -0.10717 0.0967048 -0.459761
1305031922.301137 1.20946 0.679867 1.83571 0.878027 -0.120928 0.111831 -0.449377
1305031922.365143 1.19231 0.694493 1.82928 0.879774 -0.135395 0.131849 -0.436213
1305031922.465219 1.18316 0.70563 1.82029 0.882718 -0.154841 0.152234 -0.416724
1305031922.533139 1.18053 0.709255 1.81318 0.883965 -0.167129 0.160914 -0.405932
1305031922.601111 1.1789 0.714486 1.81271 0.885797 -0.17477 0.173102 -0.393516
1305031922.701355 1.17549 0.722213 1.80379 0.884398 -0.189989 0.19351 -0.379867
1305031922.765373 1.18003 0.720156 1.80235 0.878685 -0.203629 0.204037 -0.380547
1305031922.833262 1.18254 0.719248 1.80191 0.871923 -0.218711 0.215368 -0.381487
1305031922.901109 1.18384 0.718688 1.80212 0.863867 -0.232735 0.230315 -0.382783
1305031923.001054 1.18409 0.718335 1.80229 0.857843 -0.249533 0.241186 -0.379035
1305031923.101056 1.1918 0.712984 1.80765 0.853822 -0.264232 0.247928 -0.373766
1305031923.165168 1.19705 0.710417 1.80991 0.849445 -0.273762 0.257552 -0.370357
1305031923.265159 1.19555 0.691153 1.80752 0.835214 -0.288932 0.278721 -0.375832
1305031923.333169 1.19926 0.685625 1.80739 0.829062 -0.307886 0.283479 -0.370811
1305031923.401139 1.19882 0.668739 1.80404 0.824097 -0.325887 0.286908 -0.363793
1305031923.465290 1.20464 0.658221 1.81024 0.817056 -0.345973 0.292713 -0.35643
1305031923.533199 1.21373 0.643753 1.8248 0.807399 -0.358027 0.298559 -0.361644
1305031923.601069 1.20967 0.621666 1.83367 0.798794 -0.365917 0.301836 -0.370036
1305031923.665141 1.21427 0.594012 1.84443 0.792479 -0.377187 0.298782 -0.374749
1305031923.733145 1.20533 0.566009 1.85355 0.787212 -0.384328 0.300222 -0.377433
1305031923.801150 1.19659 0.534723 1.86109 0.784935 -0.385166 0.305613 -0.376995
1305031923.865161 1.1904 0.511064 1.87467 0.782344 -0.384503 0.310093 -0.37939
1305031923.933140 1.17551 0.478087 1.87948 0.781169 -0.37325 0.321562 -0.383481
1305031924.001096 1.16966 0.450684 1.88626 0.784317 -0.372044 0.326061 -0.374318
1305031924.065224 1.15257 0.412367 1.89324 0.779168 -0.373249 0.334413 -0.376496
1305031924.133285 1.1472 0.386389 1.89644 0.780136 -0.373911 0.335557 -0.372799
1305031924.201130 1.13787 0.360589 1.89902 0.783937 -0.371301 0.332107 -0.370519
1305031924.265335 1.12976 0.3321 1.90028 0.78785 -0.363839 0.328066 -0.373211
1305031924.333113 1.11927 0.303552 1.90166 0.790741 -0.362379 0.322558 -0.373318
1305031924.401095 1.10772 0.27786 1.90258 0.795624 -0.35487 0.314964 -0.376626
1305031924.465394 1.0977 0.257235 1.90313 0.800006 -0.347509 0.308338 -0.379678
1305031924.533245 1.08323 0.238189 1.90684 0.803499 -0.337988 0.298577 -0.388595
1305031924.601161 1.07661 0.218001 1.90569 0.804978 -0.325534 0.286526 -0.404896
1305031924.665187 1.06785 0.196607 1.90609 0.80085 -0.320809 0.280072 -0.421047
1305031924.733166 1.06165 0.175094 1.9045 0.798102 -0.313803 0.275855 -0.434125
1305031924.801057 1.05526 0.151543 1.90163 0.796287 -0.312239 0.275982 -0.438483
1305031924.865165 1.04187 0.130633 1.89061 0.794465 -0.312323 0.279149 -0.439723
1305031924.933186 1.03324 0.116599 1.88664 0.799038 -0.309951 0.273222 -0.436827
1305031925.001103 1.02365 0.0997153 1.88017 0.800756 -0.30253 0.270064 -0.440829
1305031925.069090 1.01301 0.0838935 1.87576 0.798413 -0.295089 0.27246 -0.448581
1305031925.133209 0.994822 0.0606269 1.87193 0.7998 -0.29556 0.268961 -0.447911
1305031925.201117 0.984996 0.0503346 1.86778 0.802004 -0.292024 0.263975 -0.449254
1305031925.269164 0.969507 0.0312729 1.86415 0.807293 -0.283816 0.259432 -0.447684
1305031925.333142 0.955622 0.0101406 1.85814 0.813202 -0.276518 0.258293 -0.442182
1305031925.401456 0.944839 -0.0058097 1.8515 0.819752 -0.267851 0.258973 -0.434967
1305031925.469099 0.93797 -0.0258551 1.84659 0.82001 -0.260896 0.261074 -0.437443
1305031925.533321 0.930373 -0.0518381 1.84195 0.810894 -0.267031 0.271317 -0.444447
1305031925.601218 0.923697 -0.0838563 1.83798 0.801966 -0.279325 0.278137 -0.448852
1305031925.669137 0.915706 -0.114951 1.83491 0.79813 -0.291756 0.281346 -0.445771
1305031925.733167 0.914451 -0.139057 1.8282 0.799229 -0.294879 0.27829 -0.443661
1305031925.801208 0.913416 -0.167202 1.82283 0.801759 -0.30261 0.276885 -0.434677
1305031925.869197 0.913507 -0.191302 1.8191 0.805567 -0.315656 0.277698 -0.4175
1305031925.933170 0.911322 -0.215063 1.81717 0.806434 -0.332603 0.276594 -0.403157
1305031926.001186 0.907188 -0.237117 1.81482 0.808865 -0.346113 0.271708 -0.390024
1305031926.069077 0.902974 -0.263686 1.81268 0.808848 -0.356163 0.267822 -0.383645
1305031926.133181 0.896246 -0.293726 1.81328 0.80769 -0.361821 0.273012 -0.377076
1305031926.201141 0.887464 -0.320005 1.81415 0.804092 -0.371734 0.281045 -0.369139
1305031926.269135 0.876818 -0.353975 1.81909 0.800877 -0.379603 0.288599 -0.362226
1305031926.333164 0.86323 -0.385653 1.82326 0.794681 -0.388702 0.301825 -0.35538
1305031926.401166 0.851768 -0.412992 1.83314 0.786063 -0.401872 0.3142 -0.349116
1305031926.469090 0.839424 -0.437782 1.8431 0.777612 -0.415531 0.324033 -0.343011
1305031926.533176 0.824054 -0.460652 1.85272 0.764448 -0.431527 0.336295 -0.341042
1305031926.601166 0.806382 -0.477346 1.86365 0.750488 -0.45046 0.34561 -0.338241
1305031926.669140 0.791442 -0.492132 1.87143 0.736166 -0.472159 0.351538 -0.333986
1305031926.733207 0.780871 -0.498476 1.87595 0.721631 -0.49073 0.366072 -0.323147
1305031926.801342 0.765992 -0.507869 1.87631 0.701239 -0.516568 0.380509 -0.310861
1305031926.869333 0.753312 -0.512658 1.87487 0.675169 -0.5477 0.395798 -0.295831
1305031926.933348 0.743277 -0.518885 1.8725 0.643622 -0.580946 0.414313 -0.276762
1305031927.001575 0.73528 -0.518279 1.87161 0.614953 -0.611647 0.43046 -0.249851
1305031927.070528 0.731345 -0.559775 1.87612 0.5918 -0.638769 0.432208 -0.234399
1305031927.133471 0.722761 -0.572165 1.86841 0.567517 -0.665251 0.435118 -0.214565
1305031927.201210 0.702017 -0.598039 1.86631 0.548487 -0.687987 0.432244 -0.197486
1305031927.269153 0.699935 -0.624188 1.86295 0.541133 -0.70909 0.415762 -0.177506
1305031927.333139 0.691876 -0.623711 1.8392 0.525621 -0.726982 0.411853 -0.159992
1305031927.401161 0.683439 -0.640946 1.82694 0.509893 -0.744757 0.405921 -0.143433
1305031927.469105 0.672914 -0.658691 1.81894 0.500078 -0.757621 0.39869 -0.1303
1305031927.533182 0.656479 -0.677492 1.80505 0.497264 -0.763551 0.393829 -0.120901
1305031927.601132 0.642981 -0.694175 1.79918 0.502311 -0.766082 0.385346 -0.110952
1305031927.669158 0.628377 -0.713368 1.78673 0.516386 -0.761646 0.377361 -0.104116
1305031927.733219 0.619927 -0.728056 1.77719 0.534549 -0.753222 0.371721 -0.0934749
1305031927.801109 0.615392 -0.745051 1.76931 0.546981 -0.747203 0.367567 -0.0859861
1305031927.869143 0.60277 -0.766478 1.76426 0.551782 -0.745756 0.364257 -0.0818599
1305031927.933465 0.594679 -0.791868 1.76411 0.554241 -0.744133 0.364301 -0.0797991
1305031928.001134 0.580928 -0.8189 1.76339 0.554704 -0.744885 0.362148 -0.0793671
1305031928.069125 0.557917 -0.852333 1.76446 0.554558 -0.746098 0.359883 -0.079297
1305031928.133202 0.55274 -0.879157 1.77193 0.55311 -0.749404 0.35647 -0.0734368
1305031928.201096 0.532362 -0.910035 1.77396 0.549484 -0.749981 0.361832 -0.0683633
1305031928.269216 0.522957 -0.923754 1.77087 0.536463 -0.756311 0.369966 -0.0576698
1305031928.333609 0.512111 -0.944705 1.77825 0.521993 -0.764242 0.374984 -0.0533342
1305031928.401116 0.496249 -0.982223 1.79869 0.503178 -0.775582 0.377107 -0.0554474
1305031928.469232 0.491293 -1.00132 1.81914 0.471736 -0.790907 0.386303 -0.0519701
1305031928.533982 0.486756 -1.02789 1.84462 0.436486 -0.805946 0.396169 -0.0546046
1305031928.601271 0.459563 -1.10049 1.91012 0.413219 -0.817427 0.396072 -0.0647295
1305031928.669146 0.446779 -1.13163 1.9471 0.388296 -0.819627 0.416082 -0.0656809
1305031928.733185 0.435124 -1.15408 1.99127 0.369 -0.818526 0.435448 -0.0651111
1305031928.801117 0.429693 -1.16058 2.01196 0.346413 -0.814646 0.460479 -0.0656447
1305031928.869148 0.428681 -1.15699 2.03266 0.323679 -0.808356 0.487347 -0.0654677
1305031928.933215 0.432131 -1.15486 2.05298 0.300657 -0.799481 0.51583 -0.0659899
1305031929.001155 0.434742 -1.14943 2.07326 0.279332 -0.785768 0.54839 -0.0617289
1305031929.069089 0.427806 -1.14747 2.09289 0.257016 -0.769849 0.581309 -0.0579248
1305031929.133202 0.424961 -1.13648 2.1161 0.231156 -0.753648 0.613141 -0.0513862
1305031929.201163 0.418397 -1.12278 2.12914 0.204898 -0.736855 0.642419 -0.0485751
1305031929.269214 0.418838 -1.11505 2.16209 0.175839 -0.721675 0.667695 -0.0494862
1305031929.333529 0.418807 -1.09644 2.19253 0.15023 -0.707127 0.6893 -0.047628
1305031929.401369 0.423981 -1.07847 2.22248 0.128973 -0.694447 0.706013 -0.0515251
1305031929.469219 0.422968 -1.05722 2.24708 0.1142 -0.680407 0.721738 -0.055661
1305031929.533262 0.425476 -1.03773 2.2692 0.100977 -0.666783 0.736095 -0.0580459
1305031929.601101 0.433691 -1.01812 2.28655 0.0911714 -0.651721 0.750796 -0.0570257
1305031929.669287 0.439039 -0.995831 2.30106 0.0842734 -0.634233 0.766647 -0.0538449
1305031929.733617 0.438936 -0.971264 2.30501 0.0803725 -0.616207 0.781525 -0.0552132
1305031929.801229 0.44362 -0.953719 2.31176 0.0837569 -0.601537 0.792034 -0.0618022
1305031929.869242 0.439816 -0.934357 2.31404 0.0887063 -0.587306 0.801501 -0.0692743
1305031929.933176 0.435552 -0.914908 2.32258 0.092977 -0.57632 0.808514 -0.0742657
1305031930.001350 0.427607 -0.893385 2.32973 0.0902562 -0.571275 0.81251 -0.072983
1305031930.069293 0.404854 -0.883173 2.32744 0.0831124 -0.572033 0.812522 -0.0753611
1305031930.134163 0.395093 -0.876359 2.32675 0.0777139 -0.578226 0.809179 -0.0696033
1305031930.201148 0.375801 -0.868561 2.32575 0.0660652 -0.585169 0.806111 -0.058281
1305031930.269064 0.354903 -0.865954 2.32107 0.0532406 -0.59446 0.801284 -0.0415516
1305031930.333138 0.335283 -0.868109 2.31346 0.0374742 -0.606645 0.793675 -0.0256453
1305031930.401077 0.313299 -0.869519 2.3008 0.0203031 -0.618062 0.785813 -0.00928273
1305031930.469130 0.297897 -0.870644 2.29222 0.00568468 -0.634112 0.773209 0.00412346
1305031930.533067 0.279289 -0.875879 2.28371 -0.00680196 -0.654458 0.755997 0.0102975
1305031930.601041 0.277038 -0.873033 2.26901 -0.0167727 -0.671548 0.740365 0.0245394
1305031930.668925 0.278621 -0.869817 2.24866 -0.0219921 -0.692177 0.720651 0.0327152
1305031930.733195 0.271432 -0.871279 2.23299 -0.0212461 -0.712784 0.700391 0.0306595
1305031930.801055 0.25915 -0.871238 2.22416 -0.0186644 -0.732711 0.679596 0.0305817
1305031930.869070 0.245708 -0.869299 2.20407 -0.018964 -0.745927 0.664875 0.0342623
1305031930.933330 0.241164 -0.867142 2.19215 -0.0235185 -0.760669 0.647578 0.0383839
1305031931.000795 0.234981 -0.864073 2.17196 -0.0288178 -0.775591 0.629148 0.0424418
1305031931.068905 0.230094 -0.86562 2.15844 -0.0351331 -0.792396 0.607108 0.0478939
1305031931.133042 0.217242 -0.867273 2.14956 -0.0459702 -0.808479 0.584545 0.0505563
1305031931.200696 0.197625 -0.867148 2.135 -0.0621625 -0.822517 0.562255 0.0589199
1305031931.268951 0.191958 -0.876392 2.13003 -0.0843627 -0.836646 0.536013 0.0748137
1305031931.332991 0.186717 -0.884994 2.12511 -0.11038 -0.845514 0.514273 0.0918992
1305031931.401337 0.182068 -0.89172 2.11408 -0.139671 -0.849197 0.498569 0.103849
1305031931.469079 0.17606 -0.90442 2.10556 -0.166542 -0.849986 0.487352 0.110792
1305031931.532871 0.175037 -0.916161 2.09653 -0.192437 -0.849835 0.476676 0.116311
1305031931.601199 0.173752 -0.93346 2.09079 -0.216197 -0.845883 0.473219 0.117492
1305031931.669064 0.177638 -0.949759 2.08423 -0.2289 -0.843334 0.470463 0.122703
1305031931.732985 0.190969 -0.966171 2.08034 -0.241279 -0.840998 0.466285 0.130708
1305031931.800959 0.2 -0.982828 2.06962 -0.249389 -0.841963 0.459663 0.132718
1305031931.868988 0.211122 -0.99786 2.06009 -0.267625 -0.84244 0.450379 0.125821
1305031931.932907 0.209208 -1.01721 2.04521 -0.279787 -0.840818 0.448048 0.118309
1305031932.000829 0.210779 -1.03329 2.03364 -0.290078 -0.837856 0.448576 0.112394
1305031932.068920 0.21677 -1.04918 2.02599 -0.302356 -0.832904 0.450539 0.108935
1305031932.132895 0.22274 -1.06911 2.03378 -0.315179 -0.832059 0.445734 0.0982897
1305031932.200948 0.225279 -1.0899 2.0296 -0.307275 -0.835574 0.447403 0.0850169
1305031932.268818 0.219738 -1.11325 2.02599 -0.290272 -0.840572 0.451682 0.0718708
1305031932.333175 0.215643 -1.13582 2.02454 -0.276013 -0.842342 0.458228 0.0656053
1305031932.401680 0.218804 -1.1594 2.03254 -0.263255 -0.842288 0.466621 0.0592726
1305031932.469022 0.218091 -1.18101 2.03857 -0.249346 -0.843429 0.473525 0.0472076
1305031932.532959 0.215584 -1.20399 2.04113 -0.230923 -0.845137 0.480686 0.03687
1305031932.600957 0.214937 -1.22269 2.04797 -0.207955 -0.846061 0.490126 0.0266837
1305031932.669236 0.215151 -1.24548 2.0556 -0.179258 -0.84695 0.500247 0.0171823
1305031932.732848 0.215154 -1.26719 2.06427 -0.150936 -0.845986 0.511305 0.00966586
1305031932.800821 0.216508 -1.28616 2.07434 -0.126935 -0.841011 0.525917 -0.000180703
1305031932.869016 0.214215 -1.30578 2.08097 -0.10445 -0.834156 0.541518 -0.00565592
1305031932.932932 0.217751 -1.32031 2.09222 -0.087184 -0.824534 0.558981 -0.00908949
1305031933.001958 0.215385 -1.33844 2.09509 -0.0703409 -0.818804 0.569688 -0.00817172
1305031933.068879 0.212378 -1.3521 2.08925 -0.06721 -0.810831 0.581405 -0.00211236
1305031933.132911 0.200411 -1.36793 2.09344 -0.0770191 -0.80535 0.587745 0.00599375
1305031933.200949 0.202174 -1.37538 2.08884 -0.0991391 -0.798292 0.593656 0.0217782
1305031933.269079 0.204299 -1.38134 2.09061 -0.113884 -0.793249 0.597147 0.0346627
1305031933.332881 0.206883 -1.38102 2.08116 -0.129333 -0.787908 0.600491 0.0434032
1305031933.400926 0.203901 -1.38075 2.07883 -0.144814 -0.785029 0.600318 0.0487452
1305031933.469486 0.200077 -1.38154 2.07835 -0.161692 -0.78524 0.595428 0.0521425
1305031933.533065 0.196146 -1.37823 2.0775 -0.179211 -0.782808 0.592899 0.0597225
1305031933.600899 0.190544 -1.37218 2.07395 -0.202653 -0.777775 0.591025 0.0684571
1305031933.669114 0.186687 -1.36099 2.06773 -0.233163 -0.770772 0.587277 0.0815597
1305031933.732901 0.185219 -1.34907 2.06434 -0.267175 -0.7636 0.580373 0.0932725
1305031933.800879 0.180372 -1.33756 2.06118 -0.295644 -0.756983 0.573381 0.103948
1305031933.868855 0.180542 -1.32652 2.05277 -0.319991 -0.752395 0.563972 0.115944
1305031933.932925 0.181414 -1.31381 2.04935 -0.339136 -0.750922 0.552755 0.124757
1305031934.000841 0.181526 -1.29908 2.04442 -0.353269 -0.751464 0.542044 0.129195
1305031934.068946 0.179662 -1.28045 2.03382 -0.361977 -0.752788 0.532919 0.135203
1305031934.132845 0.17896 -1.26139 2.02421 -0.3746 -0.752788 0.52206 0.142961
1305031934.200808 0.179919 -1.23931 2.01907 -0.386588 -0.752547 0.51126 0.151117
1305031934.269296 0.182481 -1.21961 2.01842 -0.400168 -0.751012 0.501268 0.15677
1305031934.336871 0.185131 -1.19647 2.02044 -0.407079 -0.753949 0.491102 0.157057
1305031934.400928 0.180186 -1.17261 2.01889 -0.403889 -0.758662 0.486945 0.155533
1305031934.469287 0.176335 -1.14768 2.01679 -0.389807 -0.764391 0.487748 0.160804
1305031934.536876 0.163973 -1.11938 2.01362 -0.375986 -0.770494 0.485667 0.170588
1305031934.600850 0.157026 -1.09081 2.01666 -0.371001 -0.771121 0.486404 0.176468
1305031934.668984 0.141694 -1.06513 2.01791 -0.35929 -0.774753 0.489078 0.177402
1305031934.736903 0.12983 -1.03739 2.02387 -0.347485 -0.778575 0.490335 0.180684
1305031934.801627 0.115887 -1.00765 2.02605 -0.33109 -0.78268 0.493976 0.183793
1305031934.869115 0.0997612 -0.97847 2.02947 -0.313823 -0.785998 0.499011 0.186308
1305031934.937234 0.0809411 -0.949746 2.03394 -0.292588 -0.789077 0.506227 0.188373
1305031935.001270 0.0619546 -0.919128 2.04159 -0.269818 -0.788298 0.517254 0.195533
1305031935.069722 0.042642 -0.89269 2.04923 -0.255006 -0.78478 0.52956 0.196618
1305031935.136853 0.0215882 -0.862461 2.05919 -0.246348 -0.783383 0.536032 0.195687
1305031935.200951 0.00142027 -0.843432 2.06745 -0.241933 -0.780392 0.543213 0.193332
1305031935.268965 -0.0205826 -0.824718 2.07488 -0.241179 -0.779663 0.548323 0.182482
1305031935.336810 -0.0432882 -0.80188 2.09066 -0.245009 -0.778683 0.549372 0.178362
1305031935.400848 -0.0663752 -0.783079 2.10115 -0.261245 -0.773417 0.55052 0.174656
1305031935.468890 -0.0905891 -0.770602 2.11302 -0.280823 -0.76643 0.552486 0.168766
1305031935.536900 -0.116057 -0.760543 2.12835 -0.295622 -0.755202 0.560239 0.168554
1305031935.600963 -0.147311 -0.740547 2.15327 -0.311081 -0.739723 0.571041 0.173065
1305031935.669100 -0.182477 -0.719951 2.17562 -0.326502 -0.716095 0.586713 0.190715
1305031935.736900 -0.212586 -0.69109 2.19736 -0.339036 -0.690432 0.598018 0.225238
1305031935.801178 -0.218722 -0.66952 2.21111 -0.356626 -0.661874 0.604007 0.264418
1305031935.869025 -0.238985 -0.665548 2.21913 -0.370077 -0.639824 0.608116 0.289591
1305031935.936825 -0.26305 -0.655877 2.24133 -0.377018 -0.622934 0.61225 0.308158
1305031936.000820 -0.278749 -0.647217 2.25966 -0.375267 -0.607845 0.61796 0.328367
1305031936.068809 -0.28807 -0.640436 2.26915 -0.375809 -0.592002 0.622729 0.347146
1305031936.137490 -0.296681 -0.637134 2.27465 -0.383126 -0.574218 0.626266 0.362326
1305031936.200867 -0.315445 -0.631346 2.2811 -0.392124 -0.559938 0.629195 0.369894
1305031936.268981 -0.326659 -0.623863 2.28445 -0.399576 -0.541897 0.634711 0.379248
1305031936.336863 -0.338808 -0.618505 2.28755 -0.411856 -0.520315 0.644051 0.380586
1305031936.400840 -0.349921 -0.607683 2.28695 -0.423489 -0.500258 0.652742 0.379904
1305031936.468789 -0.366414 -0.597719 2.29116 -0.431328 -0.485393 0.657898 0.38147
1305031936.536847 -0.380338 -0.589561 2.2911 -0.435006 -0.472377 0.66388 0.383265
1305031936.600821 -0.392259 -0.585729 2.28928 -0.437166 -0.462668 0.671053 0.380147
1305031936.668885 -0.417154 -0.573314 2.27316 -0.435311 -0.45782 0.674318 0.382362
1305031936.737504 -0.42599 -0.575806 2.2649 -0.44189 -0.449743 0.674538 0.384009
1305031936.800856 -0.447651 -0.567709 2.25604 -0.445896 -0.45337 0.672785 0.378144
1305031936.868891 -0.471555 -0.559425 2.24058 -0.450682 -0.465361 0.669647 0.363176
1305031936.936914 -0.497603 -0.549332 2.22874 -0.452811 -0.487732 0.661453 0.345774
1305031937.001118 -0.532181 -0.53526 2.22196 -0.456161 -0.512326 0.650022 0.326972
1305031937.068765 -0.559894 -0.521864 2.21591 -0.454483 -0.53902 0.64161 0.302057
1305031937.136838 -0.58208 -0.51235 2.19429 -0.449491 -0.559811 0.635279 0.284588
1305031937.200813 -0.609615 -0.502709 2.18403 -0.452753 -0.580322 0.623896 0.262669
1305031937.268821 -0.629485 -0.497429 2.16614 -0.456264 -0.600005 0.612474 0.238101
1305031937.336862 -0.64884 -0.492949 2.14413 -0.460823 -0.616469 0.600984 0.215468
1305031937.400796 -0.662644 -0.494152 2.11503 -0.468285 -0.627829 0.58662 0.205954
1305031937.468824 -0.675836 -0.490739 2.10106 -0.471937 -0.643965 0.570895 0.191476
1305031937.536931 -0.682044 -0.489414 2.08492 -0.476393 -0.662897 0.549813 0.176984
1305031937.600746 -0.69725 -0.489932 2.06365 -0.482983 -0.679509 0.528552 0.160085
1305031937.668803 -0.710317 -0.488083 2.03448 -0.491226 -0.691702 0.507595 0.150306
1305031937.736899 -0.729035 -0.486092 2.00964 -0.50036 -0.699853 0.48925 0.143108
1305031937.800834 -0.748087 -0.478997 1.98064 -0.504809 -0.706065 0.475762 0.142441
1305031937.868807 -0.753937 -0.479465 1.96468 -0.516986 -0.707822 0.459476 0.143509
1305031937.936960 -0.765156 -0.478556 1.9541 -0.535984 -0.705573 0.440352 0.144841
1305031938.000822 -0.783459 -0.479236 1.946 -0.55834 -0.700208 0.419989 0.146883
1305031938.068761 -0.802112 -0.47988 1.9384 -0.57948 -0.693017 0.401276 0.151353
1305031938.136885 -0.808196 -0.4759 1.93058 -0.601491 -0.684362 0.381889 0.154977
1305031938.200883 -0.823702 -0.454777 1.90454 -0.624791 -0.673222 0.367498 0.146128
1305031938.268809 -0.846928 -0.443013 1.88622 -0.647087 -0.660951 0.352112 0.142965
1305031938.336900 -0.858005 -0.433169 1.87648 -0.666152 -0.647092 0.338556 0.151305
1305031938.400842 -0.867127 -0.421313 1.86917 -0.681034 -0.634955 0.327419 0.160692
1305031938.468781 -0.880917 -0.411136 1.87279 -0.696459 -0.620494 0.316206 0.173051
1305031938.537028 -0.887903 -0.407073 1.87114 -0.706837 -0.607518 0.308766 0.189647
1305031938.601007 -0.88484 -0.398978 1.8747 -0.710991 -0.595763 0.305321 0.215261
1305031938.668747 -0.881104 -0.386059 1.88094 -0.711784 -0.583173 0.306711 0.243314
1305031938.736859 -0.884286 -0.3834 1.89258 -0.709376 -0.571004 0.306994 0.276576
1305031938.800781 -0.865541 -0.371161 1.90298 -0.702801 -0.556964 0.312459 0.313417
1305031938.869057 -0.85637 -0.358243 1.92753 -0.695996 -0.543064 0.314841 0.348633
1305031938.936828 -0.843463 -0.359403 1.93441 -0.691382 -0.521268 0.317959 0.386229
1305031939.001030 -0.922197 -0.162465 2.11157 -0.687624 -0.569989 0.311915 0.324028
1305031939.069377 -0.912965 -0.155804 2.12548 -0.687056 -0.552512 0.322925 0.3441
1305031939.137143 -0.94859 -0.0932758 2.22669 -0.693533 -0.557459 0.321573 0.323795
1305031939.200865 -0.975851 -0.0632182 2.29805 -0.695831 -0.553379 0.324124 0.323318
1305031939.268824 -1.02556 0.00461744 2.4017 -0.700942 -0.558911 0.323818 0.302392
1305031939.336729 -1.05315 0.0391364 2.45766 -0.69968 -0.551826 0.330619 0.31085
1305031939.400848 -1.04457 0.0404312 2.4722 -0.689601 -0.531391 0.348946 0.34686
1305031939.468851 -1.04642 0.0495288 2.50803 -0.685383 -0.521545 0.358274 0.360389
1305031939.536755 -1.0402 0.0529059 2.51978 -0.680316 -0.510303 0.370269 0.373714
1305031939.600838 -1.03532 0.0649611 2.53997 -0.678759 -0.501839 0.374315 0.383838
1305031939.668867 -1.02497 0.076485 2.55189 -0.680681 -0.492115 0.378206 0.389175
1305031939.736750 -1.0187 0.0898737 2.56083 -0.687626 -0.484181 0.376173 0.388888
1305031939.803671 -1.00851 0.10758 2.5646 -0.695893 -0.475427 0.370086 0.390817
1305031939.869215 -1.00263 0.121254 2.56594 -0.71013 -0.46223 0.354615 0.395356
1305031939.937192 -0.996402 0.125002 2.56721 -0.727499 -0.448842 0.333127 0.397885
1305031940.005582 -0.999865 0.134941 2.56524 -0.748052 -0.442776 0.301702 0.391591
1305031940.068783 -1.00855 0.141804 2.5512 -0.76535 -0.433505 0.268985 0.392377
1305031940.136746 -1.02003 0.146093 2.53843 -0.774793 -0.422771 0.238695 0.404951
1305031940.200829 -1.02393 0.150113 2.52495 -0.783008 -0.408281 0.220604 0.414173
1305031940.269041 -1.03488 0.154379 2.51375 -0.795543 -0.391844 0.203933 0.414705
1305031940.336732 -1.04029 0.156181 2.50491 -0.810075 -0.370386 0.178951 0.417815
1305031940.403665 -1.04343 0.158346 2.49782 -0.831205 -0.34333 0.143872 0.412945
1305031940.468746 -1.04815 0.162408 2.48591 -0.850316 -0.313778 0.11407 0.40681
1305031940.536724 -1.02784 0.147937 2.45497 -0.860211 -0.287178 0.0982087 0.409781
1305031940.603364 -1.04416 0.157337 2.43944 -0.868465 -0.274289 0.076708 0.405771
1305031940.668762 -1.04245 0.15958 2.42904 -0.873177 -0.257947 0.0562928 0.409703
1305031940.736947 -1.05161 0.167669 2.41315 -0.876407 -0.248979 0.0336972 0.410834
1305031940.803047 -1.05953 0.174705 2.40289 -0.881248 -0.239252 0.0135689 0.407402
1305031940.869689 -1.05534 0.174544 2.37775 -0.884123 -0.235535 -0.00388115 0.403529
1305031940.937034 -1.06785 0.188637 2.3559 -0.889198 -0.233544 -0.0264102 0.392539
1305031941.003160 -1.075 0.208332 2.33385 -0.893687 -0.230206 -0.0461345 0.382361
1305031941.071057 -1.08582 0.225245 2.30994 -0.895864 -0.2298 -0.0617446 0.375242
1305031941.136774 -1.09628 0.250639 2.28598 -0.898852 -0.226571 -0.0751258 0.36754
1305031941.203508 -1.10372 0.283531 2.26037 -0.902303 -0.214353 -0.086484 0.3639
1305031941.271129 -1.11144 0.309218 2.23766 -0.904093 -0.199329 -0.101126 0.364221
1305031941.336734 -1.12658 0.334784 2.21603 -0.905315 -0.177401 -0.117858 0.367483
1305031941.403845 -1.15523 0.348507 2.19385 -0.909909 -0.147996 -0.128353 0.365634
1305031941.469611 -1.17258 0.378302 2.17899 -0.917409 -0.109781 -0.125579 0.361302
1305031941.537220 -1.15154 0.40729 2.15679 -0.920635 -0.0886814 -0.123606 0.359568
1305031941.603047 -1.14853 0.423757 2.13856 -0.91922 -0.0683086 -0.142123 0.36079
1305031941.671554 -1.16216 0.44949 2.12357 -0.920261 -0.0431621 -0.164064 0.352618
1305031941.736866 -1.1702 0.468399 2.10746 -0.916846 -0.0276746 -0.18059 0.354986
1305031941.800820 -1.18602 0.487278 2.08856 -0.914264 -0.0213485 -0.197587 0.353023
1305031941.871813 -1.20408 0.508065 2.06799 -0.909946 -0.0189846 -0.211459 0.356263
1305031941.936760 -1.21849 0.52804 2.04733 -0.903253 -0.0173956 -0.220983 0.367422
1305031942.003141 -1.23975 0.542823 2.02292 -0.895564 -0.0123017 -0.229442 0.381012
1305031942.071082 -1.26739 0.551937 1.99761 -0.890275 -0.013093 -0.232108 0.391618
1305031942.136758 -1.27894 0.561594 1.97059 -0.894239 -0.0146781 -0.236429 0.379765
1305031942.203108 -1.29183 0.567792 1.94885 -0.894821 -0.0164511 -0.244146 0.373386
1305031942.271105 -1.30359 0.579637 1.9287 -0.896045 -0.0138526 -0.253614 0.364132
1305031942.337047 -1.3163 0.59204 1.89916 -0.900497 -0.00328236 -0.257897 0.350121
1305031942.402939 -1.3226 0.597672 1.8706 -0.905657 0.00185811 -0.25599 0.338011
1305031942.471958 -1.32586 0.627128 1.85473 -0.906792 -0.00442532 -0.256793 0.334315
1305031942.539453 -1.32961 0.641207 1.83838 -0.907112 -0.00354597 -0.25467 0.335079
1305031942.601448 -1.33033 0.651934 1.82636 -0.908002 -0.0100905 -0.247883 0.337615
1305031942.669006 -1.32657 0.656594 1.81589 -0.910943 -0.0181036 -0.240153 0.334934
1305031942.739812 -1.31904 0.673842 1.80566 -0.915763 -0.0290895 -0.235685 0.324014
1305031942.801557 -1.31544 0.69806 1.79586 -0.917786 -0.0326247 -0.236878 0.317006
1305031942.868828 -1.31459 0.722247 1.78715 -0.920477 -0.0356785 -0.235056 0.310156
1305031942.936816 -1.30777 0.735845 1.77644 -0.923191 -0.0405204 -0.228894 0.306079
1305031943.001103 -1.30771 0.76139 1.77353 -0.924059 -0.0454256 -0.230087 0.301848
1305031943.071743 -1.2946 0.767524 1.77181 -0.924681 -0.0566268 -0.221351 0.304568
1305031943.139521 -1.28893 0.795118 1.77405 -0.926912 -0.0586015 -0.217822 0.299921
1305031943.201564 -1.27584 0.819666 1.78086 -0.928256 -0.0566072 -0.213199 0.299472
1305031943.271805 -1.26389 0.846803 1.79018 -0.92861 -0.0546698 -0.210601 0.30057
1305031943.339941 -1.25256 0.876728 1.80453 -0.926575 -0.0585021 -0.206075 0.309143
1305031943.404245 -1.24144 0.904124 1.82451 -0.923721 -0.0597352 -0.200782 0.320714
1305031943.471431 -1.22794 0.924588 1.85228 -0.919855 -0.0651047 -0.196427 0.333232
1305031943.539525 -1.21678 0.949939 1.87716 -0.916951 -0.0662098 -0.194811 0.341856
1305031943.607467 -1.21596 0.956131 1.89537 -0.913678 -0.06356 -0.196291 0.350175
1305031943.671504 -1.20165 0.983787 1.92117 -0.914028 -0.0641708 -0.197755 0.348322
1305031943.739428 -1.19873 0.995353 1.94228 -0.905674 -0.071069 -0.200032 0.367002
1305031943.806822 -1.20056 1.00688 1.95895 -0.900636 -0.0792158 -0.201794 0.376642
1305031943.868873 -1.20785 1.02746 1.98364 -0.897492 -0.0876464 -0.200968 0.382672
1305031943.936768 -1.21753 1.04196 2.00071 -0.89138 -0.0959827 -0.197156 0.396685
1305031944.007760 -1.20752 1.04857 2.01279 -0.881194 -0.102799 -0.192839 0.419217
1305031944.070886 -1.20842 1.06073 2.03171 -0.870419 -0.0945525 -0.20171 0.439025
1305031944.139656 -1.21466 1.0617 2.03743 -0.857951 -0.0814724 -0.212286 0.460671
1305031944.206998 -1.21916 1.05565 2.03912 -0.848944 -0.0725632 -0.217439 0.476181
1305031944.270963 -1.21743 1.04934 2.04523 -0.844151 -0.0634283 -0.220645 0.484461
1305031944.339308 -1.21255 1.03999 2.05286 -0.83853 -0.0486548 -0.228866 0.492057
1305031944.406233 -1.20822 1.02784 2.05282 -0.833021 -0.0269237 -0.238166 0.498626
1305031944.471304 -1.20707 1.01711 2.06447 -0.830334 0.00910592 -0.253691 0.496088
1305031944.539069 -1.21086 1.00548 2.06402 -0.821573 0.0384631 -0.277754 0.496377
1305031944.607229 -1.21479 0.992625 2.06845 -0.819442 0.0617489 -0.293818 0.488234
1305031944.671779 -1.20233 0.971482 2.07349 -0.819673 0.0787291 -0.308755 0.476033
1305031944.739941 -1.20092 0.969651 2.08773 -0.819008 0.104976 -0.331627 0.456322
1305031944.807919 -1.20499 0.961139 2.09036 -0.812207 0.122616 -0.353612 0.447485
1305031944.875719 -1.20208 0.956325 2.09562 -0.811547 0.139266 -0.363197 0.435987
1305031944.939702 -1.19307 0.947096 2.1002 -0.809051 0.150591 -0.374187 0.427485
1305031945.007437 -1.19211 0.962709 2.13474 -0.801014 0.165541 -0.382746 0.42951
1305031945.069177 -1.19422 0.956262 2.14114 -0.779193 0.163987 -0.388106 0.464048
1305031945.136772 -1.19053 0.952716 2.15496 -0.760596 0.151121 -0.387191 0.498737
1305031945.207107 -1.18645 0.946484 2.16466 -0.745042 0.131653 -0.389176 0.525473
1305031945.269070 -1.1793 0.931221 2.16525 -0.733786 0.119462 -0.40102 0.535228
1305031945.338940 -1.18103 0.930587 2.18074 -0.724113 0.112855 -0.401824 0.549055
1305031945.406657 -1.17624 0.924253 2.19367 -0.718746 0.10349 -0.392657 0.564371
1305031945.469167 -1.16016 0.904037 2.20765 -0.708509 0.0835236 -0.387503 0.58385
1305031945.538422 -1.14183 0.896898 2.2318 -0.702743 0.0742175 -0.391602 0.589314
1305031945.606029 -1.12561 0.871963 2.22427 -0.690205 0.0772166 -0.401888 0.596775
1305031945.669116 -1.10723 0.849395 2.22087 -0.689518 0.0818638 -0.404317 0.595307
1305031945.738673 -1.09022 0.832919 2.23683 -0.696265 0.0882304 -0.408009 0.583917
1305031945.806240 -1.07966 0.812458 2.23966 -0.7035 0.103522 -0.414938 0.567625
1305031945.869258 -1.06083 0.788265 2.23534 -0.714274 0.122036 -0.417648 0.54817
1305031945.936806 -1.04681 0.782575 2.24997 -0.730626 0.150693 -0.420823 0.516126
1305031946.005983 -1.03225 0.766357 2.25061 -0.738526 0.181034 -0.429632 0.487055
1305031946.069057 -1.02088 0.76709 2.2589 -0.742952 0.212932 -0.437487 0.45966
1305031946.137054 -1.0168 0.760116 2.26803 -0.743043 0.235347 -0.443784 0.442216
1305031946.207043 -1.01864 0.740872 2.2646 -0.741651 0.2462 -0.44989 0.432362
1305031946.268902 -1.0265 0.727122 2.25804 -0.745399 0.254969 -0.448966 0.421664
1305031946.337036 -1.03911 0.707488 2.25543 -0.758668 0.252913 -0.439471 0.409052
1305031946.406520 -1.05838 0.684898 2.25373 -0.768751 0.251958 -0.433559 0.396946
1305031946.468964 -1.08162 0.659904 2.2525 -0.774514 0.251987 -0.426552 0.393299
1305031946.537148 -1.10421 0.631206 2.2569 -0.779291 0.25326 -0.420396 0.389655
1305031946.606469 -1.12631 0.600435 2.25986 -0.777965 0.258986 -0.420395 0.388541
1305031946.669089 -1.15296 0.575036 2.26172 -0.773415 0.264194 -0.427982 0.385826
1305031946.737134 -1.18117 0.550788 2.25907 -0.769767 0.265875 -0.437188 0.381623
1305031946.806647 -1.20502 0.526354 2.26289 -0.770644 0.270637 -0.440408 0.372698
1305031946.869090 -1.23084 0.511665 2.26926 -0.770223 0.275191 -0.443518 0.366495
1305031946.937151 -1.25608 0.489933 2.26979 -0.772201 0.273276 -0.438923 0.369286
1305031947.006827 -1.27235 0.469262 2.27704 -0.778586 0.274377 -0.43214 0.363009
1305031947.068973 -1.28126 0.443237 2.29093 -0.783477 0.274007 -0.425479 0.360626
1305031947.137044 -1.2871 0.414804 2.29814 -0.782885 0.268459 -0.43047 0.360163
1305031947.204982 -1.28833 0.397812 2.30467 -0.780974 0.273807 -0.432818 0.357459
1305031947.269076 -1.2821 0.376067 2.30613 -0.784002 0.268157 -0.433036 0.354842
1305031947.336945 -1.26806 0.357731 2.31672 -0.794292 0.265726 -0.426647 0.341267
1305031947.405013 -1.25017 0.337374 2.32691 -0.804218 0.249602 -0.423604 0.333904
1305031947.469273 -1.229 0.32285 2.34551 -0.810687 0.239333 -0.414612 0.337051
1305031947.537022 -1.21001 0.294524 2.35037 -0.816961 0.215518 -0.406242 0.347987
1305031947.605177 -1.18578 0.270767 2.3704 -0.831163 0.189908 -0.389567 0.348339
1305031947.669011 -1.16659 0.24996 2.38868 -0.839797 0.16252 -0.3805 0.351493
1305031947.736979 -1.14256 0.219236 2.40585 -0.848036 0.123538 -0.368773 0.359972
1305031947.804941 -1.11627 0.178855 2.41827 -0.850694 0.0901186 -0.361963 0.37038
1305031947.868988 -1.09551 0.155905 2.43346 -0.854083 0.0633266 -0.356619 0.373303
1305031947.937025 -1.07437 0.135114 2.44388 -0.859041 0.0403814 -0.349338 0.371996
1305031948.004911 -1.05107 0.116363 2.45668 -0.865745 0.0258257 -0.34053 0.365866
1305031948.068973 -1.02761 0.101449 2.47642 -0.868358 0.0163581 -0.333543 0.366655
1305031948.136951 -1.00653 0.0911809 2.48436 -0.86934 0.00935565 -0.32814 0.369439
1305031948.204992 -0.980065 0.0838032 2.49689 -0.872516 -0.00601319 -0.317875 0.370993
1305031948.269041 -0.95179 0.0780509 2.50746 -0.876981 -0.0193421 -0.306447 0.369623
1305031948.337101 -0.90843 0.0663743 2.52378 -0.881236 -0.0235076 -0.29328 0.369941
1305031948.404989 -0.870289 0.066714 2.54136 -0.883375 -0.0208397 -0.293686 0.364641
1305031948.469170 -0.830807 0.0681153 2.55349 -0.886835 -0.0146406 -0.296484 0.354128
1305031948.537017 -0.787898 0.0707205 2.57438 -0.891095 -0.0116797 -0.295355 0.344353
1305031948.605001 -0.748347 0.0741955 2.59403 -0.89186 -0.0122228 -0.301689 0.336778
1305031948.669040 -0.713067 0.0795335 2.61396 -0.892628 -0.0155749 -0.310351 0.326581
1305031948.737063 -0.678385 0.0793628 2.62837 -0.891917 -0.0163667 -0.322486 0.316575
1305031948.804975 -0.641289 0.0756026 2.6434 -0.893612 -0.00774525 -0.325178 0.309283
1305031948.868835 -0.602249 0.0673128 2.65105 -0.896664 0.00621622 -0.326552 0.298864
1305031948.936996 -0.568818 0.0676994 2.65775 -0.90318 0.0251868 -0.323992 0.280466
1305031949.005006 -0.531317 0.0614365 2.65819 -0.913554 0.0350365 -0.315324 0.254485
1305031949.069061 -0.494685 0.0592465 2.6607 -0.922614 0.0462764 -0.310396 0.224267
1305031949.137263 -0.463403 0.0564305 2.65761 -0.932421 0.0487165 -0.298696 0.19748
1305031949.204940 -0.435558 0.0573327 2.65713 -0.942667 0.0408161 -0.282066 0.173643
1305031949.268994 -0.405547 0.0591508 2.66231 -0.953133 0.0234364 -0.261909 0.149639
1305031949.337227 -0.376294 0.0606516 2.67091 -0.959673 0.00290897 -0.246234 0.1356
1305031949.405064 -0.346526 0.0617827 2.6841 -0.963831 -0.0214761 -0.238358 0.117282
1305031949.468902 -0.322346 0.0605474 2.69887 -0.964471 -0.0450483 -0.232391 0.117307
1305031949.537017 -0.305953 0.0741008 2.72088 -0.966887 -0.0604026 -0.222338 0.109761
1305031949.604798 -0.290213 0.0812335 2.74202 -0.966484 -0.0834613 -0.209329 0.122981
1305031949.668955 -0.286258 0.105089 2.76864 -0.964781 -0.102261 -0.201851 0.134149
1305031949.736949 -0.276717 0.113584 2.78997 -0.959661 -0.119928 -0.197069 0.160725
1305031949.804939 -0.273795 0.127261 2.81198 -0.953491 -0.129212 -0.193654 0.19146
1305031949.868951 -0.276844 0.143251 2.83247 -0.945039 -0.141593 -0.192405 0.223232
1305031949.936858 -0.266669 0.155846 2.85942 -0.934345 -0.154967 -0.187272 0.260603
1305031950.004952 -0.262965 0.17254 2.88438 -0.922666 -0.157238 -0.195099 0.293088
1305031950.069081 -0.257856 0.187424 2.90748 -0.909553 -0.148029 -0.202184 0.331545
1305031950.136997 -0.261287 0.219179 2.93781 -0.894231 -0.134034 -0.205956 0.374123
1305031950.204933 -0.254375 0.234503 2.95945 -0.868588 -0.126297 -0.204714 0.43324
1305031950.269033 -0.251129 0.241223 2.96786 -0.838948 -0.127016 -0.210818 0.485375
1305031950.337197 -0.250648 0.253399 2.97933 -0.81641 -0.130425 -0.21898 0.518182
1305031950.404939 -0.250621 0.264526 2.98883 -0.793707 -0.138538 -0.219716 0.550056
1305031950.468976 -0.248343 0.26674 2.99611 -0.775406 -0.150143 -0.212226 0.575467
1305031950.536894 -0.224766 0.246639 2.96934 -0.760646 -0.155679 -0.20524 0.595868
1305031950.604862 -0.200133 0.229173 2.93748 -0.755386 -0.150094 -0.204938 0.60404
1305031950.668910 -0.166541 0.217767 2.90825 -0.761087 -0.140019 -0.20261 0.600075
1305031950.736893 -0.156033 0.202663 2.85628 -0.772053 -0.138164 -0.203833 0.585915
1305031950.804899 -0.14319 0.209638 2.84822 -0.795224 -0.135501 -0.201493 0.555571
1305031950.869014 -0.129354 0.215064 2.8387 -0.817534 -0.128486 -0.200494 0.524339
1305031950.936970 -0.111457 0.216715 2.82908 -0.837125 -0.122469 -0.197555 0.495171
1305031951.004836 -0.0947266 0.223306 2.83067 -0.852746 -0.122876 -0.194182 0.469061
1305031951.069013 -0.0707535 0.212711 2.82472 -0.860079 -0.130102 -0.191683 0.454528
1305031951.136893 -0.0554244 0.204661 2.82461 -0.87016 -0.136531 -0.189964 0.433698
1305031951.204914 -0.0334647 0.184599 2.82239 -0.881114 -0.149162 -0.182677 0.409899
1305031951.268906 -0.00997203 0.179196 2.83096 -0.894817 -0.169209 -0.177895 0.37286
1305031951.336937 0.0188642 0.16102 2.83384 -0.899011 -0.194344 -0.177645 0.349931
1305031951.404865 0.0468914 0.150445 2.83941 -0.903625 -0.214807 -0.181489 0.323082
1305031951.468857 0.0809657 0.13801 2.8442 -0.907676 -0.222778 -0.187895 0.301977
1305031951.536888 0.118664 0.130341 2.85134 -0.91444 -0.2159 -0.191082 0.284032
1305031951.604927 0.150783 0.128012 2.8555 -0.920551 -0.203705 -0.197201 0.268706
1305031951.668929 0.193691 0.126308 2.86034 -0.924366 -0.199609 -0.202708 0.254192
1305031951.736828 0.231283 0.128603 2.85817 -0.929692 -0.188004 -0.210829 0.236385
1305031951.804886 0.272503 0.139885 2.85833 -0.935321 -0.177136 -0.216433 0.216688
1305031951.868913 0.312812 0.14562 2.85285 -0.938186 -0.165802 -0.226801 0.202185
1305031951.936962 0.350871 0.154823 2.84955 -0.941085 -0.153176 -0.233217 0.191065
1305031952.004839 0.383212 0.163801 2.84426 -0.944587 -0.14435 -0.230483 0.183839
1305031952.068888 0.412381 0.182642 2.84776 -0.948067 -0.148774 -0.218342 0.177095
1305031952.136943 0.438932 0.191078 2.84822 -0.946301 -0.168476 -0.203168 0.186688
1305031952.204914 0.459958 0.200844 2.85137 -0.946295 -0.196134 -0.179848 0.183608
1305031952.268902 0.476097 0.216009 2.85925 -0.942003 -0.23327 -0.160472 0.180179
1305031952.336993 0.493819 0.251191 2.8758 -0.93894 -0.263256 -0.145512 0.167078
1305031952.404918 0.508316 0.273698 2.88831 -0.936085 -0.272253 -0.146306 0.167984
1305031952.468939 0.523298 0.294925 2.89393 -0.937124 -0.265833 -0.145732 0.172896
1305031952.536948 0.536974 0.315541 2.89983 -0.936782 -0.263927 -0.145038 0.178172
1305031952.604926 0.545968 0.332335 2.90345 -0.934648 -0.263907 -0.143724 0.190077
1305031952.668899 0.550183 0.349049 2.90536 -0.932587 -0.26515 -0.138311 0.202107
1305031952.736938 0.553364 0.357971 2.90667 -0.930031 -0.265714 -0.123273 0.221905
1305031952.804919 0.557545 0.36437 2.90373 -0.926112 -0.275133 -0.0961784 0.239518
1305031952.868991 0.561944 0.370726 2.90782 -0.919611 -0.290948 -0.0613708 0.256708
1305031952.936984 0.573885 0.373751 2.91208 -0.907048 -0.31265 -0.0252497 0.280851
1305031953.004869 0.580499 0.387736 2.92132 -0.901681 -0.328281 0.00403678 0.281402
1305031953.073127 0.589908 0.397613 2.93324 -0.893918 -0.342946 0.0206337 0.287878
1305031953.137098 0.596432 0.40986 2.94208 -0.889133 -0.353724 0.0339814 0.288386
1305031953.204992 0.600248 0.41906 2.95071 -0.881989 -0.367005 0.0418645 0.292661
1305031953.273087 0.599539 0.425347 2.95913 -0.873231 -0.384072 0.0517939 0.295422
1305031953.337012 0.596953 0.431828 2.96797 -0.865212 -0.396727 0.0609951 0.300493
1305031953.404920 0.589995 0.429179 2.97619 -0.858963 -0.403703 0.0736083 0.30625
1305031953.473261 0.585334 0.423721 2.98428 -0.857355 -0.406381 0.0875268 0.303539
1305031953.536948 0.579945 0.412621 2.98889 -0.858983 -0.402923 0.0987585 0.300081
1305031953.604882 0.576811 0.40517 2.99423 -0.861424 -0.403765 0.100744 0.291159
1305031953.673021 0.567985 0.399372 2.99925 -0.871217 -0.393794 0.0974104 0.276441
1305031953.736982 0.565671 0.380835 3.00094 -0.878491 -0.382157 0.0911702 0.271842
1305031953.804859 0.563356 0.372514 3.00053 -0.888763 -0.364356 0.0874208 0.264014
1305031953.872987 0.561344 0.365474 2.99674 -0.901626 -0.34162 0.0740099 0.254735
1305031953.936924 0.562377 0.352248 2.98966 -0.911485 -0.321355 0.0496463 0.251915
1305031954.004852 0.556652 0.341515 2.98833 -0.916738 -0.306736 0.0155853 0.255462
1305031954.072918 0.538464 0.32776 2.98968 -0.920279 -0.297689 -0.0254574 0.252625
1305031954.136939 0.525723 0.318673 2.9937 -0.921113 -0.289158 -0.0578276 0.254152
1305031954.204838 0.501832 0.309899 3.00207 -0.92115 -0.278881 -0.087734 0.256926
1305031954.272870 0.476499 0.295162 3.00711 -0.917234 -0.272811 -0.107853 0.269487
1305031954.336921 0.455122 0.272348 3.01347 -0.914986 -0.264506 -0.120334 0.279924
1305031954.404711 0.429072 0.257164 3.01907 -0.913937 -0.261877 -0.130511 0.281259
1305031954.472974 0.405708 0.234013 3.02066 -0.912693 -0.25695 -0.143146 0.283686
1305031954.536934 0.381962 0.21592 3.02252 -0.915649 -0.24163 -0.15265 0.282665
1305031954.604885 0.348311 0.207112 3.02299 -0.920488 -0.218626 -0.165223 0.278577
1305031954.672891 0.316853 0.189207 3.02495 -0.915915 -0.21189 -0.171699 0.294488
1305031954.736939 0.291784 0.17006 3.02125 -0.913792 -0.213047 -0.171718 0.300179
1305031954.804833 0.269068 0.156076 3.0178 -0.911345 -0.215602 -0.171186 0.306042
1305031954.873001 0.249038 0.146939 3.01564 -0.910421 -0.21171 -0.175591 0.308998
1305031954.937022 0.228623 0.134168 3.00891 -0.910383 -0.19932 -0.185342 0.311646
1305031955.004936 0.215844 0.122698 3.0036 -0.909242 -0.194465 -0.194014 0.312764
1305031955.073048 0.203756 0.109072 2.99399 -0.908374 -0.19065 -0.203215 0.311791
1305031955.136878 0.189356 0.100941 2.98269 -0.910358 -0.18589 -0.210813 0.303728
1305031955.204960 0.178852 0.0945108 2.97092 -0.91363 -0.182283 -0.215498 0.292599
1305031955.272905 0.175691 0.0909845 2.96333 -0.915384 -0.184522 -0.21891 0.283025
1305031955.337035 0.172409 0.0919179 2.95797 -0.917625 -0.180319 -0.221581 0.276318
1305031955.404928 0.17032 0.0934164 2.95399 -0.920084 -0.170081 -0.225171 0.271691
1305031955.472931 0.166653 0.0943018 2.95147 -0.921542 -0.161374 -0.228924 0.268911
1305031955.536891 0.165066 0.0943448 2.94948 -0.922751 -0.15672 -0.230326 0.266306
1305031955.604944 0.165215 0.0942502 2.95049 -0.922441 -0.156435 -0.230082 0.267755
1305031955.672837 0.164745 0.0938432 2.9511 -0.923257 -0.153153 -0.228527 0.268172
1305031955.736903 0.165087 0.0942215 2.95222 -0.923451 -0.150303 -0.228006 0.269556
1305031955.804902 0.167089 0.0942255 2.95423 -0.923791 -0.146875 -0.226184 0.271805
1305031955.872917 0.166903 0.0936301 2.95626 -0.923753 -0.144663 -0.225396 0.27377
1305031955.937291 0.165967 0.0920849 2.958 -0.924311 -0.141662 -0.224466 0.274218
1305031956.004870 0.16835 0.091217 2.96135 -0.924274 -0.141095 -0.222259 0.276424
1305031956.073037 0.166038 0.0916499 2.96353 -0.923544 -0.139076 -0.223644 0.278761
