1305031229.528748 1.2989 0.688 1.5734 0.681684 0.553287 -0.0179996 -0.478389
1305031229.596600 1.29797 0.70658 1.58009 0.686208 0.578123 -0.0646327 -0.436708
1305031229.664657 1.28861 0.705273 1.57455 0.686558 0.593218 -0.0882521 -0.411026
1305031229.729064 1.28078 0.696195 1.55852 0.68548 0.601532 -0.109621 -0.395297
1305031229.796909 1.28175 0.695815 1.56006 0.68601 0.610117 -0.139514 -0.371056
1305031229.863055 1.27552 0.683359 1.55748 0.685666 0.618885 -0.169619 -0.343616
1305031229.926248 1.27252 0.664265 1.55446 0.68189 0.627987 -0.201247 -0.316477
1305031229.997917 1.2716 0.676858 1.55775 0.675125 0.639651 -0.236119 -0.281602
1305031230.065687 1.26741 0.674048 1.55739 0.66873 0.647329 -0.25894 -0.258293
1305031230.129919 1.26915 0.670001 1.5561 0.662069 0.653235 -0.279506 -0.238379
1305031230.197772 1.26695 0.662755 1.55439 0.654827 0.659474 -0.29791 -0.218049
1305031230.265580 1.2677 0.653241 1.55683 0.647684 0.664501 -0.31653 -0.196859
1305031230.325685 1.26416 0.649092 1.55957 0.639682 0.66909 -0.336909 -0.172099
1305031230.397265 1.26495 0.642547 1.55883 0.630295 0.672726 -0.358918 -0.146105
1305031230.465220 1.26771 0.624445 1.56687 0.621967 0.674277 -0.381113 -0.115151
1305031230.526720 1.26777 0.609128 1.56675 0.605003 0.677585 -0.411946 -0.0717697
1305031230.598825 1.26852 0.600856 1.56316 0.582377 0.680662 -0.443594 -0.0275917
1305031230.665795 1.27227 0.59179 1.55501 0.558816 0.683679 -0.469285 0.00889042
1305031230.725671 1.27016 0.582431 1.55027 0.541139 0.683794 -0.487884 0.039534
1305031230.797303 1.26581 0.574046 1.55066 0.521463 0.681482 -0.508414 0.0719282
1305031230.865523 1.26618 0.569668 1.55409 0.499471 0.675617 -0.531789 0.106164
1305031230.925860 1.27146 0.564744 1.54978 0.475251 0.669785 -0.554763 0.133276
1305031230.997080 1.26016 0.557609 1.50634 0.460747 0.665465 -0.568775 0.146167
1305031231.064422 1.26106 0.549044 1.48352 0.457392 0.663967 -0.573676 0.144348
1305031231.125728 1.25503 0.546543 1.48145 0.45919 0.665007 -0.571318 0.143199
1305031231.197747 1.25799 0.546847 1.46063 0.463425 0.665805 -0.56927 0.133685
1305031231.265594 1.27546 0.552087 1.4572 0.483858 0.670223 -0.553991 0.0988804
1305031231.325741 1.27758 0.553282 1.44929 0.51489 0.676098 -0.524531 0.0514463
1305031231.397128 1.27398 0.559419 1.45015 0.543121 0.680442 -0.491897 0.00745047
1305031231.464918 1.27609 0.56349 1.45505 0.567817 0.680725 -0.462214 -0.0235889
1305031231.525755 1.27461 0.568569 1.45397 0.587124 0.679283 -0.437403 -0.0503879
1305031231.593737 1.27389 0.57225 1.45208 0.602231 0.678582 -0.413715 -0.0753897
1305031231.665045 1.27301 0.577554 1.4519 0.614731 0.6774 -0.390826 -0.102426
1305031231.725886 1.27377 0.58332 1.44683 0.624495 0.677125 -0.366232 -0.131839
1305031231.793723 1.27111 0.58707 1.44354 0.635819 0.676848 -0.330414 -0.168633
1305031231.864940 1.26728 0.597966 1.43342 0.643874 0.674176 -0.294585 -0.210078
1305031231.925706 1.26959 0.590422 1.43509 0.653324 0.667019 -0.252197 -0.254263
1305031231.993726 1.27052 0.595866 1.44021 0.660574 0.658599 -0.220439 -0.285126
1305031232.065122 1.27141 0.600949 1.43752 0.66562 0.647872 -0.192251 -0.316625
1305031232.125662 1.27279 0.604869 1.43694 0.670307 0.636434 -0.16583 -0.343715
1305031232.193716 1.27793 0.610484 1.43989 0.67235 0.626383 -0.142881 -0.367662
1305031232.262691 1.27849 0.61459 1.4417 0.672585 0.616877 -0.115346 -0.392158
1305031232.325619 1.27909 0.61387 1.43862 0.672218 0.605607 -0.0865922 -0.416971
1305031232.393714 1.28103 0.609882 1.42347 0.670431 0.594481 -0.0648726 -0.439212
1305031232.464703 1.28166 0.608198 1.42106 0.668842 0.588533 -0.0502479 -0.451391
1305031232.525781 1.28402 0.608895 1.42832 0.66731 0.582617 -0.0321683 -0.46284
1305031232.593722 1.28504 0.608213 1.43178 0.664563 0.574723 -0.0116584 -0.477404
1305031232.664695 1.28113 0.603677 1.42989 0.660814 0.56385 0.0159745 -0.495119
1305031232.725876 1.2895 0.603231 1.44005 0.655611 0.55505 0.0370834 -0.510606
1305031232.793672 1.28206 0.603303 1.4324 0.646955 0.542611 0.067831 -0.531433
1305031232.861666 1.28846 0.601928 1.42901 0.642371 0.528694 0.0865488 -0.548044
1305031232.925756 1.29062 0.60414 1.41757 0.642456 0.518073 0.0889742 -0.557615
1305031232.993641 1.29724 0.603818 1.41358 0.645955 0.512748 0.0834476 -0.559346
1305031233.061697 1.28062 0.598194 1.38757 0.655225 0.516172 0.0524814 -0.549084
1305031233.125846 1.28655 0.59029 1.40204 0.667697 0.535508 0.00672267 -0.517075
1305031233.193761 1.29335 0.595212 1.41416 0.677345 0.541417 -0.00350375 -0.498054
1305031233.261687 1.25571 0.578658 1.38055 0.683874 0.545745 -0.0157236 -0.483974
1305031233.325798 1.24269 0.577132 1.33916 0.691959 0.565546 -0.0806425 -0.441415
1305031233.393685 1.23775 0.586806 1.37603 0.69656 0.597265 -0.14015 -0.372071
1305031233.461836 1.23341 0.660782 1.40386 0.688761 0.627509 -0.203983 -0.300387
1305031233.525708 1.23081 0.656026 1.40169 0.681426 0.637139 -0.221277 -0.284164
1305031233.593760 1.23055 0.614852 1.41287 0.679079 0.642252 -0.238234 -0.263835
1305031233.661700 1.23143 0.650901 1.40806 0.666282 0.652859 -0.286975 -0.217918
1305031233.725575 1.22805 0.67318 1.38248 0.653569 0.659239 -0.313396 -0.200088
1305031233.793747 1.22486 0.684922 1.38119 0.651922 0.664276 -0.303416 -0.204141
1305031233.861613 1.22429 0.677255 1.38857 0.654569 0.663175 -0.296321 -0.209601
1305031233.925841 1.21945 0.685818 1.39021 0.654445 0.661977 -0.302364 -0.205095
1305031233.993722 1.21093 0.69716 1.39037 0.652256 0.659135 -0.308951 -0.211309
1305031234.061675 1.21365 0.701419 1.38921 0.649478 0.652603 -0.314831 -0.230582
1305031234.129606 1.21194 0.700894 1.39033 0.64544 0.645506 -0.321677 -0.2515
1305031234.193710 1.208 0.701946 1.39144 0.642385 0.63818 -0.32971 -0.267132
1305031234.261752 1.21472 0.703352 1.38272 0.636007 0.628973 -0.343615 -0.286037
1305031234.329654 1.2086 0.703242 1.38581 0.630858 0.621917 -0.353793 -0.300113
1305031234.393723 1.20777 0.703898 1.38476 0.624643 0.614491 -0.365746 -0.313771
1305031234.461690 1.20446 0.707529 1.38784 0.614928 0.604928 -0.380891 -0.332938
1305031234.529645 1.19742 0.707863 1.39841 0.60697 0.59263 -0.395788 -0.351751
1305031234.593780 1.19907 0.708323 1.39951 0.592697 0.579562 -0.417995 -0.371617
1305031234.661618 1.20031 0.70909 1.40149 0.57738 0.565486 -0.437621 -0.39414
1305031234.729764 1.20089 0.708793 1.40562 0.561065 0.552169 -0.454157 -0.4172
1305031234.793716 1.20888 0.70586 1.39918 0.54443 0.535268 -0.472736 -0.440005
1305031234.861873 1.21153 0.705336 1.39882 0.532743 0.525643 -0.482455 -0.455106
1305031234.929666 1.22222 0.704251 1.37034 0.52718 0.520205 -0.487941 -0.461932
1305031234.993749 1.22204 0.70261 1.35787 0.534316 0.52613 -0.483904 -0.451142
1305031235.061591 1.21733 0.702162 1.35021 0.543908 0.535896 -0.476775 -0.435505
1305031235.129679 1.20911 0.704372 1.35476 0.556368 0.547691 -0.464564 -0.417935
1305031235.193605 1.2088 0.71001 1.3423 0.567327 0.56021 -0.452971 -0.398902
1305031235.261629 1.20633 0.709234 1.33746 0.578302 0.571738 -0.438243 -0.382917
1305031235.329649 1.20506 0.710774 1.326 0.591295 0.584641 -0.418293 -0.365508
1305031235.393686 1.2064 0.708078 1.32139 0.605347 0.595668 -0.398506 -0.346305
1305031235.461669 1.20083 0.708102 1.31738 0.621535 0.608974 -0.376342 -0.318138
1305031235.529738 1.20011 0.709247 1.31021 0.634756 0.620255 -0.357425 -0.290888
1305031235.593726 1.20237 0.708677 1.30244 0.647662 0.630034 -0.336364 -0.265424
1305031235.661669 1.20021 0.710662 1.29884 0.661723 0.639586 -0.313029 -0.23466
1305031235.729661 1.1976 0.712099 1.2917 0.673359 0.648737 -0.290868 -0.202792
1305031235.793628 1.19801 0.715725 1.28242 0.684083 0.656629 -0.267808 -0.170729
1305031235.861603 1.2011 0.716009 1.26893 0.691752 0.662728 -0.246385 -0.146849
1305031235.929664 1.20475 0.718075 1.25787 0.698247 0.666782 -0.228431 -0.125188
1305031235.993673 1.2103 0.71726 1.24798 0.70323 0.67028 -0.211913 -0.106232
1305031236.061630 1.21574 0.71602 1.23991 0.708546 0.671887 -0.196297 -0.0894312
1305031236.129660 1.2204 0.716443 1.23178 0.709446 0.674489 -0.187079 -0.0821746
1305031236.193597 1.22335 0.716512 1.2283 0.712762 0.674209 -0.178191 -0.0752422
1305031236.261669 1.22157 0.715723 1.22141 0.709504 0.67735 -0.176665 -0.08118
1305031236.329663 1.21863 0.714146 1.21815 0.707607 0.675051 -0.186056 -0.094777
1305031236.393685 1.21761 0.715059 1.22425 0.704536 0.671204 -0.202965 -0.109178
1305031236.461654 1.21974 0.713687 1.23157 0.700904 0.664734 -0.222459 -0.131815
1305031236.529695 1.22107 0.713802 1.24056 0.694059 0.660153 -0.241979 -0.154679
1305031236.593682 1.22177 0.709117 1.25352 0.686081 0.656016 -0.258108 -0.179767
1305031236.661655 1.22355 0.703792 1.26964 0.677162 0.650702 -0.276076 -0.204501
1305031236.729693 1.22807 0.699236 1.28026 0.666634 0.643833 -0.298216 -0.228354
1305031236.793675 1.22899 0.696345 1.2941 0.655796 0.637357 -0.317945 -0.250239
1305031236.861617 1.23282 0.692887 1.30454 0.642395 0.630427 -0.337008 -0.276255
1305031236.929669 1.23856 0.686716 1.31469 0.628145 0.621627 -0.357509 -0.301995
1305031236.993680 1.24058 0.68368 1.32806 0.614165 0.612483 -0.378835 -0.322722
1305031237.061729 1.24533 0.684854 1.33814 0.598642 0.602311 -0.399846 -0.344925
1305031237.129774 1.2458 0.687232 1.35038 0.582204 0.589994 -0.419732 -0.369824
1305031237.193642 1.24866 0.685756 1.36166 0.570537 0.575531 -0.436749 -0.390515
1305031237.261663 1.2562 0.686471 1.36431 0.556987 0.561463 -0.453637 -0.410778
1305031237.329672 1.25978 0.687208 1.37041 0.545685 0.548118 -0.464059 -0.431791
1305031237.393671 1.26837 0.683463 1.36971 0.534112 0.534444 -0.475323 -0.450735
1305031237.461646 1.27049 0.682589 1.3817 0.527528 0.522287 -0.484001 -0.463329
1305031237.529735 1.27504 0.685359 1.38007 0.518819 0.512783 -0.494334 -0.472774
1305031237.593680 1.28368 0.681568 1.36752 0.510585 0.502056 -0.504357 -0.482562
1305031237.661656 1.28646 0.683675 1.36562 0.507606 0.496891 -0.508607 -0.486573
1305031237.729752 1.29187 0.679514 1.34975 0.506803 0.492487 -0.510847 -0.489533
1305031237.793725 1.28647 0.681707 1.3664 0.506111 0.492258 -0.510297 -0.491051
1305031237.861836 1.28537 0.685374 1.37266 0.510632 0.495328 -0.508941 -0.484649
1305031237.929849 1.297 0.675479 1.33956 0.506289 0.489592 -0.516257 -0.487288
1305031237.993683 1.2941 0.670605 1.33428 0.515115 0.497864 -0.513309 -0.472548
1305031238.061670 1.28958 0.677463 1.32231 0.522757 0.518051 -0.504982 -0.450934
1305031238.129747 1.27602 0.678443 1.32087 0.538074 0.544381 -0.47963 -0.429046
1305031238.193792 1.27151 0.67418 1.31589 0.557264 0.569859 -0.452459 -0.399999
1305031238.261604 1.26372 0.675357 1.30957 0.570745 0.591294 -0.431369 -0.372213
1305031238.329662 1.25733 0.673072 1.30155 0.587893 0.610761 -0.403181 -0.344671
1305031238.393667 1.25405 0.670935 1.29498 0.601185 0.628275 -0.377242 -0.318647
1305031238.461685 1.24686 0.669971 1.28966 0.613674 0.642501 -0.352265 -0.29412
1305031238.529670 1.23749 0.66838 1.29123 0.621473 0.654468 -0.333482 -0.272458
1305031238.593741 1.23793 0.669537 1.28277 0.625724 0.664191 -0.320793 -0.253795
1305031238.661628 1.23615 0.671814 1.27751 0.632687 0.672461 -0.304048 -0.234646
1305031238.729729 1.23348 0.671217 1.27199 0.639499 0.681102 -0.284152 -0.215404
1305031238.793691 1.23425 0.671369 1.2655 0.644506 0.686586 -0.272085 -0.197945
1305031238.861826 1.23909 0.671191 1.25266 0.649457 0.690087 -0.260852 -0.184234
1305031238.929837 1.24046 0.671042 1.24993 0.65324 0.691784 -0.253884 -0.173942
1305031238.993704 1.24233 0.669029 1.24655 0.654746 0.695394 -0.244079 -0.16781
1305031239.061677 1.25151 0.669196 1.23434 0.656193 0.69666 -0.238928 -0.164284
1305031239.129738 1.25582 0.668016 1.22941 0.655089 0.69673 -0.239517 -0.167505
1305031239.193706 1.25644 0.669089 1.23069 0.653818 0.694123 -0.244851 -0.175394
1305031239.261721 1.25965 0.669301 1.22981 0.651885 0.689962 -0.25627 -0.182547
1305031239.329705 1.26122 0.669188 1.23197 0.648419 0.684722 -0.269461 -0.195191
1305031239.393718 1.26104 0.668896 1.23546 0.644646 0.678291 -0.284043 -0.208979
1305031239.461708 1.2611 0.667793 1.24035 0.639492 0.670035 -0.303209 -0.22398
1305031239.529662 1.26146 0.66664 1.24575 0.633492 0.66195 -0.319593 -0.241598
1305031239.593921 1.26235 0.666119 1.24886 0.626316 0.653815 -0.332455 -0.264059
1305031239.661659 1.26331 0.6632 1.25197 0.619014 0.64365 -0.347121 -0.286432
1305031239.729894 1.2592 0.662087 1.26392 0.612216 0.63318 -0.362995 -0.304155
1305031239.793585 1.2521 0.666613 1.27835 0.604832 0.616364 -0.387625 -0.322522
1305031239.861692 1.25621 0.661836 1.2819 0.590774 0.599971 -0.41516 -0.344475
1305031239.929706 1.2558 0.666771 1.28691 0.57539 0.58727 -0.43681 -0.365017
1305031239.993691 1.25348 0.667683 1.29549 0.563161 0.574864 -0.450759 -0.386262
1305031240.061929 1.25731 0.665899 1.30347 0.550664 0.560171 -0.468355 -0.404501
1305031240.129665 1.25482 0.667201 1.32262 0.533854 0.544666 -0.48829 -0.42416
1305031240.193676 1.25607 0.668499 1.33199 0.519087 0.526562 -0.507814 -0.442048
1305031240.261700 1.27066 0.670733 1.32013 0.498988 0.502448 -0.532188 -0.464041
1305031240.329670 1.27521 0.671799 1.32576 0.483976 0.481201 -0.550796 -0.480454
1305031240.393695 1.28376 0.671462 1.32587 0.472109 0.463188 -0.56132 -0.497483
1305031240.461673 1.29165 0.669409 1.31968 0.462829 0.451904 -0.570544 -0.506016
1305031240.529672 1.29426 0.667075 1.31552 0.456666 0.442662 -0.575413 -0.514205
1305031240.593679 1.29981 0.666945 1.30135 0.458041 0.444441 -0.575708 -0.511108
1305031240.661629 1.29615 0.668454 1.29941 0.464364 0.45515 -0.569611 -0.50274
1305031240.729633 1.29547 0.673297 1.29123 0.472329 0.466117 -0.561682 -0.494119
1305031240.793590 1.28931 0.670645 1.29333 0.481705 0.476764 -0.550868 -0.487033
1305031240.893685 1.28215 0.668039 1.282 0.500722 0.502035 -0.525023 -0.470733
1305031240.961709 1.27669 0.670597 1.27314 0.519383 0.523467 -0.501521 -0.452439
1305031241.029623 1.26988 0.667658 1.26376 0.537851 0.545367 -0.476979 -0.431024
1305031241.093615 1.26815 0.661222 1.25652 0.558351 0.560832 -0.457221 -0.405784
1305031241.193714 1.26219 0.660312 1.24561 0.585106 0.587351 -0.426314 -0.361838
1305031241.261662 1.25453 0.659043 1.25035 0.598843 0.60496 -0.400132 -0.339565
1305031241.329910 1.25567 0.658869 1.24116 0.617899 0.614019 -0.376578 -0.315232
1305031241.429669 1.25253 0.651651 1.24136 0.647024 0.621921 -0.352705 -0.264904
1305031241.493736 1.23151 0.668633 1.23698 0.652665 0.629732 -0.345342 -0.241259
1305031241.593680 1.22691 0.668282 1.24224 0.649367 0.633292 -0.338687 -0.250108
1305031241.693629 1.23116 0.668643 1.24437 0.638828 0.633324 -0.348041 -0.263945
1305031241.761678 1.23233 0.668424 1.24684 0.631933 0.636096 -0.349764 -0.271489
1305031241.829759 1.23501 0.660857 1.25102 0.624701 0.64148 -0.349141 -0.27632
1305031241.893622 1.24615 0.655625 1.24378 0.60934 0.649906 -0.355743 -0.282443
1305031241.961685 1.24444 0.657527 1.24643 0.591027 0.667645 -0.35205 -0.284602
1305031242.029756 1.24438 0.66038 1.24278 0.571024 0.688931 -0.338548 -0.291017
1305031242.093725 1.24302 0.654318 1.24545 0.551449 0.711057 -0.312136 -0.30475
1305031242.161668 1.24088 0.649912 1.24587 0.532813 0.730272 -0.286304 -0.317559
1305031242.261884 1.23688 0.639559 1.25234 0.500279 0.757712 -0.261077 -0.327768
1305031242.361729 1.23499 0.641587 1.25841 0.459334 0.782856 -0.235968 -0.347085
1305031242.429711 1.23311 0.635829 1.26177 0.431718 0.797978 -0.218873 -0.359089
1305031242.493742 1.23332 0.633098 1.26824 0.39388 0.815563 -0.197877 -0.374914
1305031242.593693 1.23843 0.632028 1.26943 0.327239 0.842147 -0.169329 -0.393739
1305031242.661782 1.23594 0.618033 1.26183 0.291988 0.853061 -0.141959 -0.408506
1305031242.761930 1.24074 0.616769 1.26581 0.222406 0.877207 -0.110405 -0.410919
1305031242.861682 1.24402 0.610671 1.26038 0.173336 0.895103 -0.0822541 -0.402468
1305031242.961731 1.25214 0.60419 1.25843 0.120636 0.908414 -0.0396634 -0.398319
1305031243.061704 1.25423 0.598689 1.24594 0.0884705 0.916661 -0.00646856 -0.389697
1305031243.129686 1.25595 0.588429 1.23956 0.0683397 0.917486 0.0156407 -0.391541
1305031243.193652 1.25248 0.59078 1.232 0.0768735 0.914409 0.00793947 -0.397346
1305031243.293654 1.2475 0.591117 1.2403 0.129395 0.905611 -0.0383993 -0.402059
1305031243.361686 1.2489 0.585014 1.23992 0.168273 0.895074 -0.0651256 -0.407781
1305031243.429782 1.24488 0.589494 1.23922 0.204638 0.884739 -0.1005 -0.406521
1305031243.497629 1.24882 0.593979 1.24059 0.24122 0.868803 -0.127726 -0.413135
1305031243.561795 1.24536 0.585709 1.22805 0.275399 0.850463 -0.14574 -0.423826
1305031243.629640 1.2426 0.585287 1.23523 0.310263 0.834261 -0.168158 -0.423637
1305031243.697682 1.24652 0.590271 1.23195 0.349408 0.803866 -0.209875 -0.433204
1305031243.761667 1.23774 0.579581 1.23414 0.405334 0.765282 -0.237464 -0.440067
1305031243.829666 1.23682 0.602499 1.24259 0.451661 0.726467 -0.299237 -0.422735
1305031243.897689 1.23657 0.61296 1.24546 0.495586 0.680934 -0.350671 -0.409578
1305031243.961674 1.24212 0.625403 1.23482 0.525429 0.641599 -0.392385 -0.397881
1305031244.029557 1.24453 0.635246 1.23884 0.549478 0.609444 -0.417037 -0.390808
1305031244.161701 1.24813 0.642466 1.22481 0.592677 0.557785 -0.45588 -0.360254
1305031244.261676 1.2481 0.655828 1.21261 0.63277 0.508812 -0.48091 -0.330813
1305031244.329685 1.24834 0.671389 1.19723 0.66332 0.466587 -0.495003 -0.311889
1305031244.397615 1.25258 0.673471 1.19152 0.692168 0.421529 -0.50341 -0.299658
1305031244.497679 1.25896 0.6736 1.18096 0.724527 0.361915 -0.514788 -0.281198
1305031244.561672 1.26047 0.67041 1.16977 0.739253 0.332336 -0.519442 -0.270624
1305031244.629753 1.25965 0.670235 1.16647 0.754444 0.302663 -0.523936 -0.254362
1305031244.729757 1.26073 0.669754 1.15962 0.781493 0.256468 -0.524293 -0.220473
1305031244.797629 1.25989 0.675663 1.15724 0.790215 0.22609 -0.535847 -0.193164
1305031244.897635 1.26497 0.680088 1.15042 0.790429 0.191509 -0.554035 -0.177738
1305031244.961694 1.26765 0.680544 1.14372 0.788992 0.17768 -0.563423 -0.168748
1305031245.029670 1.27305 0.679929 1.14485 0.786201 0.174706 -0.568325 -0.168444
1305031245.097906 1.26643 0.685107 1.14239 0.781075 0.18139 -0.573007 -0.169358
1305031245.161721 1.26228 0.683386 1.14684 0.77168 0.203704 -0.576099 -0.176421
1305031245.229684 1.26113 0.669618 1.14858 0.74966 0.243986 -0.578816 -0.208454
1305031245.297648 1.25307 0.669286 1.15451 0.73252 0.289631 -0.573193 -0.225783
1305031245.361797 1.25698 0.664696 1.16066 0.711967 0.338937 -0.553641 -0.267782
1305031245.461734 1.26319 0.663501 1.18679 0.688927 0.400769 -0.524371 -0.299665
1305031245.529685 1.27474 0.652707 1.19489 0.670199 0.439788 -0.504605 -0.320615
1305031245.597588 1.27411 0.651208 1.20704 0.653424 0.477981 -0.481331 -0.335992
1305031245.697808 1.28112 0.649069 1.20837 0.626427 0.52877 -0.452598 -0.350923
1305031245.797508 1.28042 0.656267 1.20288 0.604346 0.573996 -0.407534 -0.373109
1305031245.861702 1.28067 0.651435 1.20492 0.59095 0.601687 -0.368566 -0.391037
1305031245.961688 1.28061 0.642219 1.21057 0.564813 0.641067 -0.324545 -0.405819
1305031246.061658 1.27559 0.622648 1.224 0.528607 0.680871 -0.284411 -0.419642
1305031246.161681 1.28284 0.634198 1.23142 0.469503 0.725209 -0.260816 -0.430829
1305031246.261893 1.27791 0.616096 1.24637 0.40993 0.764425 -0.219032 -0.446808
1305031246.361529 1.27825 0.611383 1.25328 0.334662 0.796767 -0.171778 -0.472923
1305031246.429654 1.27639 0.60615 1.25114 0.286423 0.814462 -0.143198 -0.483848
1305031246.529729 1.27472 0.603925 1.24644 0.213297 0.833715 -0.10082 -0.499259
1305031246.597580 1.27443 0.587282 1.24017 0.163329 0.846195 -0.0754425 -0.501584
1305031246.661684 1.27413 0.583405 1.23074 0.12181 0.854123 -0.0570478 -0.502376
1305031246.729825 1.27981 0.582782 1.23086 0.0700852 0.864064 -0.0389869 -0.496953
1305031246.797618 1.2881 0.587283 1.23549 0.0207889 0.873124 -0.0258823 -0.486367
1305031246.861682 1.28571 0.579611 1.22684 -0.0127119 0.879055 0.00257531 -0.476544
1305031246.929719 1.29573 0.583448 1.23196 -0.0526108 0.885291 0.0154593 -0.461793
1305031247.029564 1.30428 0.583601 1.23525 -0.0968466 0.89651 0.0537882 -0.42895
1305031247.097571 1.31054 0.555468 1.22735 -0.124161 0.896722 0.0902865 -0.415117
1305031247.161688 1.31321 0.555458 1.23074 -0.130946 0.897163 0.104006 -0.408821
1305031247.229684 1.31209 0.543022 1.22449 -0.130964 0.897192 0.115722 -0.405591
1305031247.297554 1.30932 0.546301 1.23109 -0.113128 0.900465 0.0970546 -0.408589
1305031247.361626 1.31127 0.540865 1.23448 -0.082624 0.905744 0.0700325 -0.409752
1305031247.429703 1.31229 0.542759 1.23554 -0.0440675 0.912356 0.0276579 -0.406079
1305031247.497627 1.31045 0.544994 1.23068 0.000820676 0.911365 -0.0145413 -0.411341
1305031247.561743 1.31029 0.54514 1.22739 0.0438358 0.907367 -0.0552421 -0.414382
1305031247.629718 1.31612 0.55217 1.23878 0.0897119 0.900839 -0.0902818 -0.415078
1305031247.697569 1.31425 0.555126 1.23867 0.145642 0.885538 -0.128668 -0.421966
1305031247.761723 1.30607 0.554005 1.23651 0.219246 0.864282 -0.165347 -0.421436
1305031247.829657 1.30942 0.569892 1.26057 0.262012 0.843011 -0.211818 -0.419304
1305031247.897638 1.30467 0.565285 1.24912 0.299358 0.80814 -0.243924 -0.444741
1305031247.961700 1.30917 0.580072 1.26583 0.329336 0.786204 -0.273342 -0.445765
1305031248.029684 1.31285 0.578939 1.25637 0.363112 0.75102 -0.308823 -0.456888
1305031248.098179 1.31447 0.5973 1.27117 0.396685 0.718199 -0.343865 -0.456714
1305031248.161732 1.31936 0.612246 1.26986 0.426569 0.682008 -0.38085 -0.455913
1305031248.229670 1.322 0.611793 1.27143 0.462361 0.642996 -0.406113 -0.455906
1305031248.297645 1.329 0.632914 1.26083 0.494942 0.60754 -0.434564 -0.443938
1305031248.361705 1.33193 0.625326 1.26535 0.525219 0.575722 -0.449375 -0.436752
1305031248.429690 1.33387 0.630251 1.26445 0.549654 0.547653 -0.46857 -0.422373
1305031248.497597 1.33926 0.632284 1.26255 0.564473 0.520595 -0.485898 -0.417439
1305031248.561680 1.33609 0.645296 1.25757 0.5878 0.49257 -0.492147 -0.411895
1305031248.629727 1.33979 0.632971 1.25885 0.606276 0.459652 -0.502815 -0.410277
1305031248.701134 1.34346 0.636613 1.25198 0.624259 0.424221 -0.522813 -0.396236
1305031248.761715 1.34374 0.645218 1.25108 0.640023 0.38916 -0.539571 -0.384431
1305031248.829728 1.34857 0.650275 1.23509 0.655209 0.355439 -0.54618 -0.382168
1305031248.897740 1.35077 0.657427 1.22766 0.670152 0.327297 -0.543314 -0.385465
1305031248.961755 1.34959 0.668489 1.22267 0.687906 0.29879 -0.537013 -0.386169
1305031249.029697 1.35221 0.662009 1.22663 0.703074 0.273978 -0.534634 -0.380512
1305031249.097689 1.34902 0.666587 1.22393 0.711121 0.26038 -0.538127 -0.370038
1305031249.161749 1.35393 0.656828 1.22054 0.719517 0.256652 -0.533844 -0.36254
1305031249.229768 1.35355 0.650669 1.23273 0.723398 0.254144 -0.540084 -0.347008
1305031249.297950 1.34678 0.657928 1.23077 0.719656 0.253054 -0.556612 -0.329002
1305031249.361754 1.33696 0.665709 1.22468 0.719258 0.256431 -0.561443 -0.318893
1305031249.429851 1.33657 0.66332 1.22267 0.702783 0.277718 -0.557618 -0.343557
1305031249.497685 1.33861 0.660453 1.22546 0.688372 0.313467 -0.538251 -0.37171
1305031249.561863 1.34561 0.651686 1.22839 0.664764 0.354641 -0.515435 -0.408222
1305031249.629760 1.34371 0.651831 1.23953 0.642824 0.403829 -0.49121 -0.427097
1305031249.697653 1.34729 0.646999 1.23929 0.625503 0.451103 -0.452923 -0.44734
1305031249.761822 1.34414 0.655695 1.2502 0.614337 0.491696 -0.406634 -0.464192
1305031249.829797 1.34344 0.662328 1.26138 0.592797 0.531634 -0.360585 -0.485732
1305031249.897548 1.33566 0.65695 1.27246 0.579575 0.556296 -0.303307 -0.512477
1305031249.962232 1.33046 0.653595 1.27583 0.561828 0.572479 -0.266999 -0.534162
1305031250.030025 1.32562 0.649518 1.28237 0.544537 0.590016 -0.230839 -0.549613
1305031250.097604 1.3194 0.642847 1.27934 0.50668 0.616805 -0.19914 -0.56848
1305031250.161809 1.30349 0.625639 1.2633 0.463064 0.654939 -0.180372 -0.569291
1305031250.229670 1.30183 0.625398 1.2716 0.431226 0.689095 -0.165295 -0.558453
1305031250.298182 1.29526 0.614872 1.27679 0.385275 0.723518 -0.152285 -0.552172
1305031250.361596 1.29787 0.610454 1.2913 0.337955 0.753433 -0.12827 -0.549247
1305031250.429731 1.30032 0.61283 1.2951 0.303601 0.768405 -0.0979416 -0.554786
1305031250.498138 1.29374 0.60523 1.28863 0.271996 0.784249 -0.0678393 -0.553506
1305031250.561819 1.28873 0.601241 1.28332 0.254394 0.793364 -0.0415953 -0.551477
1305031250.629661 1.2834 0.593238 1.2775 0.22821 0.803251 -0.021398 -0.549773
1305031250.697768 1.28049 0.59391 1.26285 0.201604 0.814239 -0.00677799 -0.544357
1305031250.761789 1.28101 0.586778 1.26333 0.176669 0.82319 0.00961663 -0.539494
1305031250.829785 1.27197 0.585447 1.25018 0.171662 0.828219 0.0106198 -0.53336
1305031250.897604 1.27333 0.585504 1.24987 0.163337 0.831867 0.000554064 -0.530395
1305031250.961817 1.27311 0.579134 1.25298 0.162847 0.831583 -0.00139957 -0.530988
1305031251.029789 1.27643 0.582797 1.2578 0.171974 0.83252 -0.020903 -0.526212
1305031251.097685 1.27448 0.581042 1.26367 0.191751 0.827839 -0.0460566 -0.52516
1305031251.161699 1.27927 0.584144 1.27244 0.229659 0.814783 -0.0777845 -0.526627
1305031251.229882 1.27978 0.591097 1.27213 0.27211 0.795233 -0.125149 -0.52716
1305031251.297722 1.28359 0.597345 1.28373 0.326473 0.769539 -0.174144 -0.520479
1305031251.361831 1.28886 0.605618 1.28964 0.376297 0.73993 -0.218677 -0.512918
1305031251.429957 1.28978 0.611803 1.29325 0.421914 0.708852 -0.259899 -0.501966
1305031251.497761 1.29366 0.622121 1.29481 0.465561 0.675937 -0.299269 -0.486622
1305031251.561707 1.2967 0.629139 1.2958 0.510285 0.636453 -0.332512 -0.473257
1305031251.629778 1.29902 0.62553 1.29549 0.547514 0.599965 -0.36592 -0.454283
1305031251.698330 1.30487 0.62272 1.29214 0.578888 0.564266 -0.409416 -0.422931
1305031251.761755 1.3086 0.628581 1.29979 0.606509 0.526806 -0.45277 -0.38681
1305031251.829869 1.31197 0.632104 1.30048 0.626355 0.49169 -0.49609 -0.346141
1305031251.897873 1.3131 0.635974 1.2954 0.632389 0.456141 -0.539124 -0.318377
1305031251.961904 1.31047 0.64312 1.28297 0.644493 0.42378 -0.56364 -0.295549
1305031252.029784 1.3103 0.647382 1.27592 0.656631 0.388004 -0.585395 -0.274958
1305031252.098735 1.31268 0.656138 1.26302 0.68097 0.338893 -0.601399 -0.244438
1305031252.161778 1.31084 0.668165 1.24691 0.6999 0.288002 -0.614856 -0.221692
1305031252.229882 1.32459 0.661457 1.23868 0.725515 0.252009 -0.60918 -0.197534
1305031252.297671 1.32081 0.669775 1.23098 0.742345 0.221605 -0.605769 -0.181269
1305031252.361687 1.32646 0.671813 1.22935 0.757465 0.198834 -0.599649 -0.164722
1305031252.429672 1.32635 0.672745 1.22813 0.765735 0.181897 -0.60086 -0.139755
1305031252.497655 1.32698 0.668399 1.22603 0.769208 0.173839 -0.60102 -0.129901
1305031252.561862 1.33639 0.666747 1.23553 0.769592 0.168392 -0.60467 -0.117242
1305031252.629839 1.31837 0.669026 1.22579 0.762998 0.169759 -0.613251 -0.113753
1305031252.698012 1.31613 0.663769 1.22458 0.753257 0.195913 -0.609856 -0.149327
1305031252.761680 1.30086 0.661986 1.21234 0.743851 0.24518 -0.582132 -0.218391
1305031252.831021 1.32218 0.653406 1.22896 0.741171 0.284971 -0.547894 -0.263189
1305031252.897597 1.3265 0.648397 1.23791 0.73346 0.315886 -0.528117 -0.288696
1305031252.965771 1.32549 0.645946 1.24306 0.715897 0.360348 -0.50637 -0.318167
1305031253.029884 1.32586 0.639471 1.24675 0.697098 0.408098 -0.47827 -0.344626
1305031253.097947 1.31742 0.638192 1.25977 0.675341 0.449932 -0.455881 -0.365579
1305031253.165977 1.31683 0.625161 1.26294 0.641234 0.487667 -0.446902 -0.388946
1305031253.229906 1.31708 0.618734 1.26288 0.630776 0.506197 -0.444293 -0.385344
1305031253.297600 1.30798 0.624251 1.26529 0.627052 0.515435 -0.454985 -0.366225
1305031253.366257 1.30319 0.631185 1.26596 0.625289 0.507866 -0.468494 -0.362766
1305031253.429753 1.29977 0.634135 1.26472 0.622851 0.500986 -0.477703 -0.364512
1305031253.497697 1.29831 0.633023 1.26182 0.620835 0.498704 -0.476864 -0.3721
1305031253.565670 1.30309 0.622162 1.25912 0.619064 0.494751 -0.479118 -0.377395
