1311876800.398168 -1.8199 -0.756 0.5686 0.155906 0.721827 -0.660425 -0.136005
1311876800.819443 -1.81941 -0.756112 0.568523 0.155941 0.721816 -0.660417 -0.136067
1311876801.226755 -1.81935 -0.75577 0.569132 0.155931 0.721866 -0.660373 -0.136021
1311876801.799465 -1.81699 -0.759411 0.567543 0.15574 0.721776 -0.660584 -0.135692
1311876802.494648 -1.82042 -0.808916 0.565997 0.106452 0.730376 -0.66807 -0.0943447
1311876803.153709 -1.83854 -0.893255 0.575192 0.0519568 0.733749 -0.675758 -0.0475846
1311876803.701165 -1.8413 -1.0018 0.586831 0.003994 0.7379 -0.674846 -0.00842515
1311876804.887607 -1.75859 -1.28529 0.577288 -0.127247 0.722933 -0.670564 0.107331
1311876806.258302 -1.39607 -1.50491 0.411104 -0.311607 0.663435 -0.632454 0.250514
1311876806.955975 -1.20253 -1.64561 0.431112 -0.411552 0.618069 -0.581227 0.332853
1311876807.788131 -0.930283 -1.75607 0.50192 -0.509464 0.553637 -0.511713 0.414829
1311876808.323447 -0.776027 -1.75325 0.487472 -0.570823 0.495075 -0.455908 0.470329
1311876809.093309 -0.538878 -1.67926 0.524773 -0.642142 0.422319 -0.370371 0.521657
1311876809.990838 8.84579 11.476 -7.6395 0.282741 0.314857 -0.847863 -0.319453
1311876810.792436 8.69879 11.5103 -7.53096 0.34777 0.283647 -0.831556 -0.327284
1311876811.459864 8.53546 11.5028 -7.387 0.407436 0.257989 -0.809314 -0.335333
1311876812.698203 8.67098 11.1511 -6.98166 0.553129 0.193378 -0.731745 -0.348142
1311876813.697882 8.54696 11.2072 -6.88741 0.687582 0.114768 -0.620753 -0.358783
1311876814.903039 8.3072 11.4037 -6.86883 0.770686 0.0449164 -0.525257 -0.357954
1311876816.201250 8.1371 11.5244 -6.84586 0.625566 0.151784 -0.682568 -0.34602
1311876817.566764 7.85407 14.9714 -7.7171 0.657095 0.267166 -0.640338 -0.294643
1311876818.636339 7.85166 15.164 -7.50919 0.500453 0.369979 -0.745989 -0.236986
1311876819.401922 7.68157 15.0869 -7.41468 0.379973 0.41242 -0.805379 -0.19208
1311876820.006400 7.55372 15.1057 -7.26202 0.287319 0.437884 -0.83623 -0.162558
1311876820.704911 7.41363 15.0159 -7.15195 0.313611 0.427366 -0.829645 -0.175204
1311876821.371074 7.27596 14.9439 -7.0601 0.410111 0.396397 -0.793675 -0.211563
1311876821.871301 7.13666 14.8893 -6.98867 0.436105 0.388104 -0.784096 -0.210669
1311876822.541855 6.96178 14.8337 -6.90938 0.437385 0.38716 -0.783203 -0.21306
1311876823.040825 6.83719 14.7898 -6.84514 0.437225 0.390453 -0.78111 -0.215054
1311876823.740011 6.66239 14.7155 -6.75035 0.427946 0.398268 -0.782543 -0.214174
1311876824.407373 6.61052 14.6258 -6.64143 0.380174 0.416165 -0.803215 -0.192666
1311876825.578755 6.72258 14.5294 -6.53779 0.183867 0.462447 -0.858129 -0.126294
1311876826.411962 6.70333 14.4234 -6.4489 0.0249311 0.485503 -0.871474 -0.0647952
1311876826.976088 6.71751 14.346 -6.38254 -0.0875737 0.48795 -0.868232 -0.0201991
1311876828.012929 6.82345 14.0845 -6.21205 -0.27887 0.476628 -0.831886 0.0549826
1311876829.245910 7.06416 13.8317 -6.13976 -0.286177 0.468318 -0.834363 0.0511816
1311876830.012707 7.16127 13.6674 -6.00125 -0.202821 0.471717 -0.857803 0.0228131
1311876830.983467 7.24801 13.4582 -5.83224 -0.158587 0.485749 -0.859578 0.00491137
1311876831.818456 7.25775 13.2474 -5.65996 -0.0264404 0.477969 -0.876578 -0.0495719
1311876832.818449 7.18779 13.0526 -5.46408 0.152999 0.458744 -0.867189 -0.118862
1311876833.918246 7.0465 12.6556 -5.39627 0.0971685 0.440825 -0.887228 -0.0951698
1311876834.823310 7.03626 12.453 -5.21025 -0.0805489 0.456776 -0.885403 -0.0304691
1311876835.622782 7.11282 12.2888 -5.05297 -0.22938 0.458546 -0.858122 0.0273141
1311876836.255202 7.22153 12.1827 -4.94843 -0.344013 0.449114 -0.821332 0.0732501
1311876837.119886 7.42233 12.0273 -4.87987 -0.475963 0.423463 -0.761039 0.122305
1311876838.188212 7.62562 11.8963 -4.79885 -0.467071 0.425169 -0.766953 0.113398
1311876839.558065 7.92457 11.8879 -4.78744 -0.571539 0.401586 -0.697398 0.160336
1311876840.326455 8.171 11.966 -4.73979 -0.675077 0.369293 -0.606223 0.200969
1311876841.563014 8.50665 11.8225 -4.84708 -0.717832 0.338355 -0.56505 0.225725
1311876842.227674 8.71342 11.8465 -4.9023 -0.770781 0.307918 -0.49882 0.249525
1311876843.028317 8.95796 11.9207 -4.98709 -0.819294 0.274662 -0.4247 0.27009
1311876844.059758 9.18823 11.99 -5.06866 -0.823342 0.269653 -0.409803 0.285406
1311876844.830166 9.36117 12.0654 -5.17047 -0.860618 0.242412 -0.337262 0.294666
1311876845.766257 9.58984 12.1782 -5.35676 -0.89605 0.196222 -0.238816 0.318681
1311876846.934546 9.72264 12.4055 -5.57188 -0.904839 0.169337 -0.206249 0.331743
1311876847.764899 9.19866 11.8656 -6.81078 -0.861958 0.14353 -0.285685 0.393461
1311876848.802866 9.55874 11.5238 -7.87177 -0.823052 0.139071 -0.283482 0.472105
1311876849.770426 9.7267 11.7332 -7.94145 -0.8218 0.131193 -0.277464 0.480048
1311876851.270876 9.90443 12.0747 -8.08848 -0.839774 0.103494 -0.232759 0.47947
1311876853.105035 10.2336 12.5269 -8.0225 -0.879407 0.0119951 -0.10601 0.463962
1311876854.410197 10.2564 12.6281 -8.06767 -0.884471 0.00391362 -0.0935075 0.457114
1311876855.071619 10.2559 12.6285 -8.0682 -0.884463 0.00388679 -0.0936103 0.457108
1311876855.978639 10.256 12.6281 -8.06717 -0.884522 0.00403365 -0.0937322 0.456967
1311876856.810757 10.2659 12.6586 -8.07735 -0.879354 0.0136762 -0.109903 0.463109
1311876857.578396 10.3127 12.8549 -8.08627 -0.880211 0.0384063 -0.144459 0.450427
1311876858.145958 10.3447 12.8292 -8.23043 -0.867208 0.0622904 -0.175173 0.461935
1311876858.914881 10.3341 12.8204 -8.23172 -0.876365 0.0285462 -0.123895 0.464564
1311876859.682826 10.3142 12.7889 -8.22103 -0.883723 -0.0599612 0.00468091 0.464131
1311876860.346047 10.3131 12.7664 -8.20831 -0.872625 -0.132942 0.113145 0.456126
1311876861.149463 10.3826 12.7454 -8.30069 -0.83776 -0.223665 0.246316 0.432967
1311876861.710418 10.362 12.7357 -8.31603 -0.799925 -0.282126 0.338186 0.407621
1311876862.416120 10.3572 12.7291 -8.31166 -0.744696 -0.343043 0.437099 0.36972
1311876863.045871 8.96084 16.0711 -5.51537 -0.669863 -0.592513 0.442021 0.0694962
1311876863.682520 7.60601 15.7117 -4.28877 -0.386776 -0.902197 0.187675 0.0349712
1311876864.683894 6.38504 14.3958 -4.01768 -0.41419 -0.89885 -0.0152311 0.142422
1311876865.414585 6.25903 14.3996 -4.18662 -0.423166 -0.890179 -0.0299207 0.166182
1311876866.217864 6.17109 14.4058 -4.39337 -0.418308 -0.891892 -0.0280057 0.169599
1311876867.317708 6.20556 14.6973 -4.84007 -0.39638 -0.908676 0.0221605 0.129226
1311876868.118520 8.05728 15.9011 -6.29413 -0.379256 -0.877851 0.243266 0.162369
1311876868.920404 7.9522 15.8222 -6.48102 -0.358088 -0.889404 0.269413 0.0902737
1311876869.524311 7.8668 15.7423 -6.63608 -0.367491 -0.885711 0.261072 0.110938
1311876870.592832 7.6711 15.635 -6.89119 -0.406438 -0.866129 0.220641 0.189596
1311876871.591747 7.57857 15.5773 -7.01233 -0.381097 -0.881486 0.250595 0.122268
