1311867170.462290 0.1163 -1.1498 1.4015 -0.57211 0.652112 -0.356506 0.346906
1311867170.794192 0.108611 -1.12834 1.41899 -0.58279 0.647714 -0.344116 0.349866
1311867171.126251 0.0955325 -1.12662 1.45057 -0.580596 0.636616 -0.356159 0.361634
1311867171.462244 0.0802819 -1.13785 1.45387 -0.582897 0.637426 -0.365925 0.346436
1311867171.794171 0.0737372 -1.12259 1.46003 -0.588292 0.630131 -0.363924 0.352713
1311867172.126369 0.0754395 -1.09078 1.45876 -0.59849 0.625737 -0.352215 0.355256
1311867172.462350 0.0777248 -1.06512 1.45481 -0.603456 0.627282 -0.338064 0.357869
1311867172.794451 0.0755877 -1.03648 1.45816 -0.611168 0.624651 -0.339264 0.348117
1311867173.126782 0.074461 -1.01786 1.46161 -0.611559 0.624509 -0.334077 0.352671
1311867173.462290 0.0760423 -0.996399 1.462 -0.61695 0.623135 -0.327024 0.352322
1311867173.794356 0.0743816 -0.976586 1.46593 -0.61905 0.6203 -0.330453 0.350436
1311867174.126454 0.0681281 -0.956682 1.46773 -0.618568 0.622723 -0.323106 0.353827
1311867174.463016 0.0663392 -0.935466 1.46764 -0.623489 0.623416 -0.318278 0.3483
1311867174.794474 0.0681367 -0.915869 1.4662 -0.625605 0.622356 -0.313804 0.350455
1311867175.126531 0.0658843 -0.895753 1.46551 -0.629139 0.619177 -0.312369 0.351041
1311867175.462600 0.0698208 -0.872707 1.45942 -0.631674 0.624193 -0.305778 0.343322
1311867175.794862 0.0709751 -0.841623 1.45681 -0.637102 0.622458 -0.302934 0.338937
1311867176.126812 0.0668948 -0.813419 1.45806 -0.632808 0.621797 -0.302967 0.348043
1311867176.462966 0.0571355 -0.797012 1.45638 -0.633073 0.616591 -0.311949 0.348887
1311867176.794768 0.0493853 -0.77071 1.45791 -0.63444 0.611872 -0.312112 0.35452
1311867177.126615 0.0462339 -0.744352 1.45862 -0.637052 0.607894 -0.313463 0.355485
1311867177.462604 0.0413141 -0.720262 1.45934 -0.641404 0.603235 -0.312428 0.356506
1311867177.794559 0.0348362 -0.70258 1.45725 -0.641527 0.603913 -0.310413 0.356898
1311867178.130791 0.0287477 -0.687096 1.45913 -0.640066 0.604389 -0.309647 0.359372
1311867178.462874 0.0252431 -0.665444 1.46046 -0.643694 0.59965 -0.305419 0.364414
1311867178.800680 0.023212 -0.648499 1.46035 -0.643754 0.59923 -0.305088 0.365275
1311867179.131037 0.0185441 -0.642224 1.46257 -0.639242 0.59959 -0.318885 0.360796
1311867179.463746 0.010729 -0.622656 1.46534 -0.639318 0.597501 -0.311643 0.370329
1311867179.794891 0.00849707 -0.612952 1.46048 -0.645789 0.592735 -0.304623 0.372595
1311867180.130773 0.0113104 -0.609547 1.45562 -0.64739 0.593073 -0.299834 0.373162
1311867180.467067 0.00662425 -0.616564 1.45908 -0.648694 0.591486 -0.31151 0.363734
1311867180.794928 0.00681307 -0.626118 1.45708 -0.652501 0.588322 -0.310939 0.362542
1311867181.131191 0.00723461 -0.641405 1.45626 -0.654333 0.587875 -0.307192 0.363159
1311867181.462831 0.00681536 -0.661589 1.45639 -0.653633 0.589118 -0.303995 0.36509
1311867181.794898 0.0055772 -0.681806 1.45928 -0.649961 0.59235 -0.30361 0.366733
1311867182.131453 0.00898297 -0.701512 1.46182 -0.64499 0.595172 -0.300277 0.373621
1311867182.462944 0.0122669 -0.718921 1.46612 -0.644956 0.593234 -0.306649 0.371579
1311867182.797044 0.010736 -0.740486 1.47407 -0.640568 0.593147 -0.320836 0.367306
1311867183.134468 0.0111964 -0.760065 1.47376 -0.640617 0.595506 -0.317733 0.366097
1311867183.466738 0.013074 -0.779014 1.47471 -0.644582 0.591169 -0.31934 0.364767
1311867183.797176 0.0190232 -0.79999 1.47752 -0.644682 0.592711 -0.320501 0.361052
1311867184.131226 0.0243572 -0.819687 1.47843 -0.645328 0.591598 -0.320925 0.361346
1311867184.465574 0.0283662 -0.840164 1.4809 -0.645067 0.595038 -0.317563 0.359126
1311867184.799534 0.03131 -0.872546 1.48499 -0.645047 0.592386 -0.321182 0.360328
1311867185.136065 0.0456175 -0.905919 1.48348 -0.644355 0.594445 -0.319154 0.359977
1311867185.465497 0.061174 -0.94165 1.48319 -0.642939 0.598406 -0.313204 0.361169
1311867185.798952 0.0697939 -0.974253 1.48443 -0.642399 0.600035 -0.315287 0.357596
1311867186.136102 0.0810041 -0.99656 1.48613 -0.651532 0.595476 -0.307009 0.355892
1311867186.465948 0.0924577 -1.02045 1.48917 -0.657869 0.594164 -0.301952 0.350718
1311867186.804720 0.0933486 -1.03853 1.48923 -0.658006 0.597945 -0.297735 0.347626
1311867187.133979 0.087986 -1.06492 1.48489 -0.645947 0.616316 -0.296713 0.338922
1311867187.463190 0.0800121 -1.08294 1.48508 -0.654898 0.612541 -0.290152 0.334237
1311867187.801705 0.0701024 -1.10963 1.48965 -0.660904 0.60652 -0.289526 0.333939
1311867188.135990 0.057585 -1.1409 1.49369 -0.662964 0.600706 -0.289705 0.340149
1311867188.463247 0.0428775 -1.17285 1.49437 -0.655392 0.596498 -0.298173 0.354605
1311867188.804516 0.0342089 -1.20633 1.4944 -0.642835 0.605663 -0.308803 0.352953
1311867189.131312 0.0270382 -1.23627 1.49847 -0.625394 0.61597 -0.325223 0.351701
1311867189.463454 0.0370399 -1.26294 1.49998 -0.624204 0.614263 -0.326425 0.355665
1311867189.799486 0.0401387 -1.30492 1.50639 -0.630265 0.613599 -0.323878 0.348375
1311867190.131422 0.0430093 -1.34213 1.50933 -0.63273 0.612056 -0.32351 0.34696
1311867190.463341 0.0412454 -1.37226 1.51057 -0.628964 0.612443 -0.325146 0.351566
1311867190.799433 0.0458483 -1.39955 1.50903 -0.631667 0.61405 -0.320155 0.348483
1311867191.131303 0.0542706 -1.42785 1.50975 -0.635584 0.611542 -0.32 0.345903
1311867191.463414 0.0629355 -1.45577 1.5098 -0.638481 0.61142 -0.319264 0.341437
1311867191.799771 0.0695028 -1.47611 1.50364 -0.641257 0.61167 -0.313717 0.340926
1311867192.131666 0.0806579 -1.49053 1.5033 -0.644076 0.612375 -0.309557 0.338138
1311867192.463542 0.0855982 -1.5124 1.50094 -0.641223 0.613387 -0.313173 0.338398
1311867192.799500 0.089543 -1.52862 1.50216 -0.639557 0.614614 -0.317167 0.335593
1311867193.131636 0.0944233 -1.5419 1.50221 -0.64285 0.614484 -0.313988 0.332514
1311867193.463559 0.0932846 -1.55821 1.50035 -0.642822 0.615798 -0.311707 0.332282
1311867193.831554 0.0939546 -1.57542 1.5012 -0.641932 0.616687 -0.314199 0.329999
1311867194.163586 0.0920926 -1.58973 1.50029 -0.640631 0.618792 -0.316802 0.326076
1311867194.499629 0.0964585 -1.59516 1.50075 -0.642534 0.617426 -0.31659 0.325124
1311867194.863668 0.0973449 -1.5995 1.49802 -0.643795 0.617868 -0.315167 0.323168
1311867195.199682 0.0982498 -1.59105 1.49642 -0.644801 0.616204 -0.313581 0.32587
1311867195.531827 0.0979444 -1.57712 1.49949 -0.6451 0.615215 -0.314342 0.326412
1311867195.867630 0.0966595 -1.55706 1.50007 -0.645027 0.614076 -0.314953 0.328109
1311867196.199711 0.0983225 -1.53955 1.50112 -0.644476 0.616745 -0.312826 0.326215
1311867196.531926 0.098416 -1.52115 1.50076 -0.643982 0.617561 -0.312809 0.325664
1311867196.899715 0.101108 -1.49581 1.49842 -0.644199 0.619478 -0.310431 0.323862
1311867197.231928 0.100585 -1.47218 1.49968 -0.646767 0.616582 -0.311856 0.322901
1311867197.567869 0.0988313 -1.44835 1.50153 -0.64663 0.616949 -0.312594 0.32176
1311867197.899954 0.0894224 -1.42731 1.50219 -0.648273 0.614981 -0.316384 0.3185
1311867198.232003 0.0841582 -1.40396 1.50424 -0.65103 0.613809 -0.314655 0.316846
1311867198.631966 0.0716519 -1.37075 1.50553 -0.648176 0.611074 -0.316786 0.325734
1311867198.968077 0.0613768 -1.34796 1.50435 -0.643235 0.616851 -0.319257 0.322209
1311867199.331880 0.0463834 -1.33187 1.50242 -0.630502 0.626895 -0.324423 0.32283
1311867199.732005 0.0364322 -1.2991 1.50455 -0.630787 0.623368 -0.328763 0.324708
1311867200.100058 0.0348893 -1.27076 1.50606 -0.634542 0.618122 -0.328162 0.328011
1311867200.468132 0.039028 -1.24287 1.50271 -0.641289 0.611822 -0.325627 0.329225
1311867200.868158 0.0474508 -1.21096 1.49881 -0.648784 0.606489 -0.319458 0.33045
1311867201.232056 0.0484809 -1.19175 1.49843 -0.64367 0.607014 -0.326071 0.333016
1311867201.600103 0.0477291 -1.16277 1.49485 -0.648164 0.602277 -0.323201 0.335688
1311867201.968172 0.0447538 -1.14419 1.49198 -0.652222 0.598455 -0.319322 0.338365
1311867202.300107 0.0422976 -1.13291 1.48903 -0.653597 0.598239 -0.317419 0.337885
1311867202.632409 0.0414094 -1.11845 1.48918 -0.650965 0.596332 -0.32467 0.339443
1311867202.968198 0.0372201 -1.1086 1.4919 -0.652249 0.587366 -0.327269 0.349955
1311867203.300206 0.0403931 -1.11177 1.49959 -0.650238 0.595515 -0.326192 0.340809
1311867203.632381 0.0477446 -1.11433 1.51835 -0.656536 0.592497 -0.31957 0.34027
1311867203.968287 0.0496324 -1.11592 1.53503 -0.659216 0.588413 -0.323657 0.338306
1311867204.300302 0.0505912 -1.11591 1.55413 -0.65393 0.583109 -0.336113 0.345525
1311867204.632418 0.0543539 -1.11472 1.56906 -0.647197 0.580573 -0.348659 0.350012
1311867204.968219 0.0696433 -1.11168 1.58034 -0.640942 0.586313 -0.348477 0.352129
1311867205.300458 0.0853454 -1.11161 1.59295 -0.631069 0.59305 -0.348931 0.358177
1311867205.636378 0.103236 -1.1047 1.60383 -0.630408 0.592174 -0.34965 0.360085
1311867205.968515 0.116507 -1.09706 1.61919 -0.62907 0.590401 -0.35521 0.359894
1311867206.300429 0.126308 -1.09439 1.63564 -0.63116 0.591908 -0.349562 0.359289
1311867206.636480 0.137057 -1.09193 1.65399 -0.632589 0.59178 -0.345263 0.361138
1311867206.968607 0.143298 -1.09106 1.67437 -0.632886 0.587335 -0.347619 0.365586
1311867207.300500 0.152489 -1.09331 1.69036 -0.631823 0.58707 -0.344537 0.370732
1311867207.636491 0.165637 -1.08564 1.70621 -0.636321 0.581844 -0.348595 0.367469
1311867207.968490 0.176301 -1.08243 1.72148 -0.636882 0.577304 -0.349289 0.37296
1311867208.300597 0.183961 -1.08311 1.73712 -0.636496 0.573833 -0.351433 0.37694
1311867208.636445 0.19322 -1.08079 1.74827 -0.638497 0.57164 -0.350851 0.377429
1311867208.968732 0.201808 -1.07718 1.75673 -0.6392 0.569144 -0.35186 0.379068
1311867209.300548 0.202869 -1.07266 1.76879 -0.636709 0.567827 -0.354663 0.382607
1311867209.636594 0.208134 -1.06591 1.78289 -0.636656 0.565614 -0.352476 0.387956
1311867209.968938 0.209223 -1.06406 1.79757 -0.635298 0.562149 -0.359426 0.388841
1311867210.300692 0.207549 -1.06317 1.80508 -0.634284 0.561825 -0.365341 0.385439
1311867210.636787 0.20603 -1.06225 1.80987 -0.637057 0.562495 -0.361595 0.383416
1311867210.969224 0.200914 -1.06107 1.80423 -0.63755 0.564785 -0.359213 0.381463
1311867211.301073 0.200206 -1.06145 1.80596 -0.638835 0.562873 -0.359749 0.381634
1311867211.636776 0.197152 -1.06165 1.79951 -0.638818 0.563062 -0.361715 0.379519
1311867211.971087 0.190432 -1.06401 1.79735 -0.636085 0.559714 -0.367061 0.383904
1311867212.300798 0.180348 -1.06451 1.78939 -0.634433 0.560574 -0.368381 0.384118
1311867212.636951 0.1665 -1.06814 1.78067 -0.629097 0.562872 -0.367578 0.390255
1311867212.969087 0.151329 -1.07347 1.77224 -0.623267 0.564346 -0.369122 0.39598
1311867213.301416 0.137598 -1.0802 1.76503 -0.617984 0.564412 -0.372976 0.400529
1311867213.636923 0.125065 -1.08448 1.74762 -0.618752 0.565117 -0.372541 0.398751
1311867213.968920 0.118799 -1.0897 1.73177 -0.619278 0.57022 -0.371889 0.391207
1311867214.305762 0.10781 -1.09305 1.71968 -0.618557 0.57127 -0.37604 0.386822
1311867214.636989 0.0961016 -1.09824 1.70796 -0.618479 0.57099 -0.377109 0.38632
1311867214.969304 0.0823392 -1.10221 1.69309 -0.61655 0.570958 -0.379588 0.387022
1311867215.304957 0.0769666 -1.10342 1.67695 -0.622215 0.571921 -0.374807 0.381148
1311867215.637055 0.0638593 -1.10685 1.66052 -0.621716 0.573553 -0.37704 0.377288
1311867215.970287 0.0565931 -1.10859 1.65046 -0.621894 0.573603 -0.376631 0.377327
1311867216.305048 0.0492347 -1.1116 1.63355 -0.624023 0.576951 -0.371783 0.373498
1311867216.637314 0.0473854 -1.11442 1.62111 -0.625205 0.580944 -0.367143 0.369904
1311867216.969173 0.0409005 -1.11729 1.61283 -0.624191 0.581759 -0.369118 0.368366
1311867217.305164 0.0347969 -1.12013 1.60489 -0.624632 0.581922 -0.369392 0.367084
1311867217.637099 0.0289491 -1.11801 1.59176 -0.628178 0.583904 -0.361791 0.365453
1311867217.971093 0.0234411 -1.12375 1.58245 -0.62762 0.588122 -0.355769 0.36556
1311867218.305133 0.0198433 -1.12253 1.57062 -0.631182 0.587358 -0.356068 0.360327
1311867218.637202 0.0136259 -1.12019 1.56155 -0.63377 0.584644 -0.358175 0.358102
1311867218.973161 0.0132413 -1.11753 1.55145 -0.637438 0.586061 -0.353522 0.353876
1311867219.305243 0.0122492 -1.1194 1.54149 -0.63887 0.591364 -0.346436 0.349451
1311867219.642360 0.00833475 -1.12189 1.53024 -0.639822 0.594721 -0.345115 0.343263
1311867219.973219 0.003761 -1.12856 1.52358 -0.639494 0.597703 -0.344782 0.339006
1311867220.306449 -0.00127147 -1.12578 1.51253 -0.641623 0.600136 -0.341462 0.334006
1311867220.639667 -0.00664159 -1.12802 1.50377 -0.642005 0.603034 -0.337661 0.331909
1311867220.971313 -0.013078 -1.13316 1.49803 -0.640654 0.601267 -0.339671 0.335655
1311867221.307576 -0.0201289 -1.13913 1.48762 -0.646326 0.59437 -0.336241 0.340484
1311867221.640370 -0.0343218 -1.14189 1.47844 -0.640817 0.599027 -0.341471 0.337517
1311867221.969578 -0.0539003 -1.13564 1.46908 -0.637433 0.60342 -0.342798 0.334742
1311867222.307736 -0.0650803 -1.12829 1.44964 -0.647376 0.598919 -0.336418 0.330186
1311867222.643296 -0.0655746 -1.12831 1.43057 -0.653517 0.602283 -0.322885 0.325448
1311867222.969488 -0.0640002 -1.12626 1.42065 -0.649153 0.607143 -0.316335 0.331527
1311867223.308589 -0.066159 -1.12354 1.40826 -0.646382 0.611132 -0.312648 0.333104
1311867223.637449 -0.0724448 -1.11443 1.39828 -0.645243 0.615058 -0.309011 0.331477
1311867223.976047 -0.0848733 -1.11345 1.38387 -0.64594 0.618165 -0.308359 0.324881
1311867224.305465 -0.098932 -1.11571 1.37037 -0.641362 0.62145 -0.313779 0.322486
1311867224.637806 -0.113018 -1.11398 1.36162 -0.636279 0.615798 -0.327952 0.329225
1311867224.979735 -0.121259 -1.11132 1.34478 -0.635724 0.615574 -0.330249 0.328419
1311867225.305777 -0.127685 -1.10946 1.32583 -0.63183 0.619844 -0.330439 0.32771
1311867225.637625 -0.137758 -1.10131 1.31592 -0.627986 0.612733 -0.340952 0.337556
1311867225.973591 -0.151978 -1.09259 1.30964 -0.629206 0.605659 -0.343501 0.345375
1311867226.305637 -0.16456 -1.0903 1.29647 -0.626293 0.605473 -0.343514 0.350938
1311867226.637797 -0.176627 -1.08667 1.28265 -0.626346 0.608873 -0.338608 0.349727
1311867226.973631 -0.186278 -1.08336 1.27643 -0.628287 0.607893 -0.336632 0.349857
1311867227.305822 -0.193512 -1.0803 1.26104 -0.628263 0.610023 -0.336574 0.346231
1311867227.637919 -0.196934 -1.0761 1.25371 -0.627748 0.609272 -0.337838 0.347254
1311867227.973753 -0.201109 -1.07755 1.24209 -0.628443 0.610862 -0.336529 0.344464
1311867228.305921 -0.207725 -1.07949 1.23 -0.628115 0.613507 -0.334556 0.342276
1311867228.638238 -0.209666 -1.07782 1.2312 -0.627332 0.612339 -0.337029 0.343375
1311867229.006218 -0.206626 -1.07632 1.24808 -0.625807 0.609016 -0.34196 0.347173
1311867229.338430 -0.200725 -1.07681 1.26741 -0.620208 0.61053 -0.341305 0.355113
1311867229.673818 -0.196159 -1.07609 1.28965 -0.618819 0.607258 -0.342458 0.361971
1311867230.005885 -0.192557 -1.07456 1.30701 -0.619549 0.601246 -0.347533 0.365901
1311867230.337872 -0.190571 -1.07369 1.32593 -0.617262 0.599781 -0.350076 0.369724
1311867230.705904 -0.188822 -1.07072 1.34105 -0.614457 0.598754 -0.351347 0.374822
1311867231.074099 -0.187044 -1.06843 1.34814 -0.614791 0.600913 -0.34803 0.373914
1311867231.405990 -0.184235 -1.06466 1.36372 -0.612543 0.597597 -0.35308 0.378156
1311867231.738011 -0.180829 -1.06451 1.3717 -0.612324 0.601001 -0.347393 0.378385
1311867232.074075 -0.17817 -1.06434 1.38855 -0.611812 0.599615 -0.349144 0.379798
1311867232.405964 -0.176317 -1.06393 1.40166 -0.611653 0.597315 -0.348621 0.384133
1311867232.742111 -0.172984 -1.06812 1.41136 -0.613007 0.597319 -0.345761 0.384554
1311867233.108859 -0.165741 -1.07077 1.42784 -0.613416 0.593983 -0.345883 0.388935
1311867233.474076 -0.159281 -1.07174 1.44365 -0.612622 0.590616 -0.348915 0.392588
1311867233.806227 -0.155465 -1.07246 1.45115 -0.61306 0.588073 -0.350204 0.394569
1311867234.142473 -0.148357 -1.07072 1.46387 -0.615234 0.583957 -0.353443 0.39441
1311867234.474248 -0.141845 -1.06419 1.47198 -0.617108 0.579361 -0.356464 0.39554
1311867234.806072 -0.132876 -1.06578 1.47387 -0.613038 0.585091 -0.348391 0.400596
1311867235.142245 -0.127817 -1.06683 1.4771 -0.609596 0.586285 -0.351855 0.401074
1311867235.474167 -0.12326 -1.06247 1.47769 -0.611782 0.58459 -0.353789 0.398511
1311867235.842280 -0.116778 -1.06085 1.47673 -0.608462 0.586401 -0.358361 0.396844
1311867236.206222 -0.106145 -1.05531 1.47426 -0.610643 0.585596 -0.358798 0.39428
1311867236.606288 -0.088815 -1.05439 1.46856 -0.613208 0.586474 -0.357654 0.39001
1311867237.006457 -0.0655403 -1.05287 1.45594 -0.615179 0.589482 -0.355373 0.384416
1311867237.442502 -0.0427461 -1.04888 1.44655 -0.620496 0.589186 -0.350344 0.380925
1311867237.874551 -0.0172335 -1.04695 1.43393 -0.624011 0.589709 -0.349132 0.375447
1311867238.206467 0.00420967 -1.04869 1.42427 -0.625126 0.591179 -0.347152 0.37311
1311867238.542703 0.0281833 -1.05917 1.41859 -0.624775 0.592994 -0.347819 0.370184
1311867238.874418 0.0571288 -1.06367 1.40584 -0.627484 0.594788 -0.341827 0.3683
1311867239.206507 0.08977 -1.06908 1.39427 -0.627814 0.594649 -0.339677 0.369948
1311867239.542637 0.124439 -1.08012 1.38981 -0.625992 0.59497 -0.341764 0.370597
1311867239.874576 0.153555 -1.08905 1.37868 -0.628552 0.597252 -0.335868 0.367975
1311867240.206552 0.181446 -1.09411 1.36592 -0.630524 0.599497 -0.330328 0.365959
1311867240.542590 0.206495 -1.09837 1.36087 -0.636893 0.593069 -0.32918 0.366438
1311867240.874843 0.221581 -1.09648 1.35358 -0.64222 0.590011 -0.321678 0.368732
1311867241.206721 0.241897 -1.08949 1.33746 -0.643976 0.591414 -0.322395 0.362747
1311867241.542602 0.256399 -1.07719 1.32672 -0.643257 0.590262 -0.325801 0.362857
1311867241.874966 0.266772 -1.07176 1.32127 -0.644295 0.592282 -0.321841 0.361253
1311867242.210643 0.280617 -1.06454 1.30854 -0.645439 0.595025 -0.319454 0.356793
1311867242.542677 0.296848 -1.06249 1.30388 -0.643328 0.598532 -0.321733 0.35267
1311867242.874716 0.313439 -1.06226 1.29636 -0.639429 0.603311 -0.328153 0.345633
1311867243.210671 0.33255 -1.05739 1.28814 -0.638051 0.609803 -0.324923 0.339789
1311867243.543026 0.350139 -1.05438 1.28128 -0.635947 0.614617 -0.322486 0.337372
1311867243.874795 0.367333 -1.05765 1.27466 -0.634347 0.619993 -0.320538 0.332369
1311867244.210998 0.383692 -1.06191 1.26753 -0.635427 0.621183 -0.319313 0.329246
1311867244.543087 0.401717 -1.06895 1.25489 -0.636759 0.621769 -0.315152 0.329576
1311867244.874902 0.419723 -1.07602 1.24038 -0.635115 0.626202 -0.314745 0.324708
1311867245.210898 0.438848 -1.07495 1.22946 -0.634153 0.630792 -0.313752 0.318609
1311867245.542961 0.457951 -1.07207 1.21569 -0.635467 0.630988 -0.313838 0.315502
1311867245.875777 0.47898 -1.06654 1.20754 -0.63819 0.630929 -0.313643 0.310274
1311867246.210964 0.494045 -1.0592 1.19138 -0.644871 0.628519 -0.312902 0.30199
1311867246.543113 0.507812 -1.05432 1.17614 -0.646443 0.632557 -0.310309 0.292732
1311867246.875078 0.515385 -1.05347 1.17379 -0.645357 0.632647 -0.311527 0.293639
1311867247.211319 0.521108 -1.05018 1.1734 -0.643063 0.6354 -0.312573 0.291609
1311867247.543085 0.514549 -1.04953 1.18524 -0.645713 0.628865 -0.313564 0.298764
1311867247.875244 0.497012 -1.05553 1.20586 -0.643736 0.626457 -0.320513 0.300711
1311867248.211186 0.477979 -1.05998 1.22088 -0.642778 0.622594 -0.324873 0.306056
1311867248.543189 0.456183 -1.0645 1.23121 -0.641442 0.624178 -0.323799 0.306771
1311867248.875531 0.430791 -1.06972 1.24179 -0.640808 0.623751 -0.321312 0.311541
1311867249.211358 0.401894 -1.08164 1.25481 -0.63813 0.623738 -0.325771 0.312432
1311867249.543230 0.376951 -1.09267 1.27015 -0.638015 0.621241 -0.328684 0.314585
1311867249.878395 0.352947 -1.09456 1.27863 -0.6393 0.620984 -0.326105 0.315168
1311867250.213337 0.325653 -1.09848 1.29184 -0.637962 0.61965 -0.327072 0.319472
1311867250.544330 0.301479 -1.10299 1.30124 -0.637239 0.61988 -0.327105 0.320434
1311867250.879276 0.281775 -1.10818 1.31393 -0.635877 0.619127 -0.328525 0.323131
1311867251.211383 0.263715 -1.10695 1.3238 -0.635433 0.618464 -0.329303 0.324479
1311867251.543175 0.24812 -1.1061 1.33678 -0.63547 0.617147 -0.328848 0.327364
1311867251.880542 0.231913 -1.10492 1.34677 -0.636959 0.615631 -0.328241 0.327934
1311867252.211346 0.21249 -1.1067 1.35926 -0.638524 0.615089 -0.326588 0.327556
1311867252.543282 0.191297 -1.10658 1.38473 -0.638267 0.610231 -0.326355 0.337232
1311867252.879266 0.167092 -1.10771 1.40601 -0.637528 0.608595 -0.321595 0.346043
1311867253.211216 0.144661 -1.11245 1.42407 -0.642013 0.605678 -0.315557 0.348421
1311867253.544163 0.125344 -1.12266 1.44004 -0.644579 0.606272 -0.312042 0.345806
1311867253.879206 0.106458 -1.11784 1.47004 -0.646013 0.60541 -0.310445 0.34608
1311867254.211494 0.0787199 -1.11052 1.49318 -0.643005 0.600017 -0.316567 0.355401
1311867254.550046 0.0435256 -1.09611 1.51006 -0.64045 0.599066 -0.325275 0.35375
1311867254.879491 0.00639305 -1.09601 1.52287 -0.638516 0.597238 -0.326717 0.358972
1311867255.216913 -0.0208518 -1.09507 1.5327 -0.635851 0.59441 -0.334227 0.361474
1311867255.545730 -0.0481518 -1.09885 1.54656 -0.631203 0.594473 -0.341126 0.363067
1311867255.879379 -0.0756429 -1.09953 1.55808 -0.630641 0.597317 -0.341254 0.359234
1311867256.217737 -0.0972088 -1.09314 1.57617 -0.637603 0.590577 -0.336912 0.362177
1311867256.547861 -0.124768 -1.08619 1.59922 -0.642105 0.582548 -0.330667 0.372826
1311867256.883890 -0.14983 -1.0865 1.61823 -0.636788 0.585277 -0.326909 0.380898
1311867257.214758 -0.181717 -1.09122 1.63501 -0.640133 0.580331 -0.332359 0.378133
1311867257.543702 -0.212922 -1.09508 1.64548 -0.63332 0.587571 -0.345183 0.366763
1311867257.885458 -0.233829 -1.09946 1.65464 -0.627131 0.596202 -0.347045 0.361675
1311867258.216268 -0.245806 -1.10153 1.66772 -0.622738 0.597125 -0.350061 0.364824
1311867258.543595 -0.251377 -1.10463 1.67668 -0.6236 0.596233 -0.347439 0.367308
1311867258.884560 -0.26535 -1.11175 1.6913 -0.627727 0.587951 -0.349302 0.371834
1311867259.211951 -0.283673 -1.12273 1.70702 -0.630335 0.583853 -0.351666 0.37165
1311867259.550578 -0.310666 -1.13562 1.7249 -0.619505 0.582278 -0.357233 0.386717
1311867259.881835 -0.338101 -1.14121 1.73573 -0.621008 0.583773 -0.35713 0.382121
1311867260.211913 -0.366327 -1.14628 1.7441 -0.617212 0.588093 -0.359684 0.379242
1311867260.552766 -0.40049 -1.153 1.75087 -0.615138 0.592735 -0.361014 0.374085
1311867260.879809 -0.422854 -1.15922 1.77271 -0.615728 0.589832 -0.36286 0.375912
1311867261.211987 -0.44687 -1.1585 1.79936 -0.608339 0.582481 -0.371638 0.390544
1311867261.547863 -0.469234 -1.15341 1.80722 -0.608029 0.582221 -0.376132 0.387097
1311867261.880073 -0.499553 -1.14651 1.81019 -0.604073 0.584737 -0.378618 0.387075
1311867262.212167 -0.53081 -1.14741 1.81969 -0.60519 0.588626 -0.374999 0.382937
1311867262.547912 -0.579524 -1.14391 1.83049 -0.598028 0.588886 -0.385048 0.383815
1311867262.880083 -0.616392 -1.14512 1.84056 -0.591639 0.592385 -0.386443 0.386918
1311867263.212088 -0.643008 -1.14528 1.84714 -0.588285 0.583164 -0.398061 0.394194
1311867263.547977 -0.666496 -1.15 1.85853 -0.595445 0.572514 -0.401134 0.395934
1311867263.880150 -0.696575 -1.16362 1.8702 -0.596254 0.571365 -0.399755 0.397767
1311867264.212109 -0.724954 -1.17265 1.87577 -0.599845 0.570583 -0.399216 0.394013
1311867264.548155 -0.748701 -1.17506 1.88179 -0.604106 0.559797 -0.397064 0.404998
1311867264.880141 -0.764526 -1.17744 1.88704 -0.608988 0.551911 -0.395434 0.410073
1311867265.212300 -0.776814 -1.18198 1.89285 -0.603186 0.55577 -0.397759 0.411186
1311867265.548378 -0.793775 -1.18024 1.90146 -0.594378 0.557319 -0.405068 0.414765
1311867265.880193 -0.809952 -1.18088 1.9019 -0.588723 0.563234 -0.403816 0.41606
1311867266.212181 -0.822065 -1.17846 1.90834 -0.586344 0.562588 -0.404695 0.419425
1311867266.548233 -0.832433 -1.1743 1.9169 -0.583634 0.5552 -0.410254 0.427569
1311867266.880318 -0.838433 -1.17416 1.9189 -0.58176 0.553083 -0.415461 0.42784
1311867267.212337 -0.828085 -1.17109 1.91608 -0.589174 0.557665 -0.408435 0.418408
1311867267.548255 -0.818356 -1.17121 1.91454 -0.590487 0.563178 -0.407806 0.409695
1311867267.912736 -0.800036 -1.16583 1.90962 -0.591745 0.565736 -0.405538 0.406595
1311867268.280500 -0.777977 -1.16304 1.90272 -0.592106 0.568815 -0.404702 0.402587
1311867268.616531 -0.751612 -1.15424 1.89778 -0.594227 0.570649 -0.403802 0.397742
1311867268.948366 -0.725152 -1.14439 1.88893 -0.59444 0.573182 -0.403565 0.394002
1311867269.280464 -0.692763 -1.13268 1.87931 -0.595185 0.577453 -0.400786 0.389453
1311867269.616429 -0.662771 -1.12252 1.86502 -0.599761 0.586321 -0.391328 0.378652
1311867270.016606 -0.635082 -1.1135 1.85778 -0.605444 0.588889 -0.387101 0.369866
1311867270.448370 -0.597989 -1.11186 1.84919 -0.608111 0.594727 -0.383651 0.359601
1311867270.780573 -0.568703 -1.11586 1.84676 -0.610569 0.595912 -0.380815 0.356474
1311867271.116562 -0.544673 -1.12272 1.84497 -0.613514 0.597912 -0.376218 0.352933
1311867271.480623 -0.513637 -1.1294 1.84309 -0.612185 0.596972 -0.37422 0.358906
1311867271.848511 -0.462307 -1.128 1.83554 -0.617229 0.59443 -0.368221 0.360686
1311867272.316580 -0.396651 -1.1397 1.82095 -0.621025 0.594631 -0.363076 0.359051
1311867272.716489 -0.360864 -1.1458 1.81157 -0.628939 0.588831 -0.358442 0.35949
1311867273.180697 -0.337356 -1.16688 1.79683 -0.629689 0.584683 -0.355719 0.367561
1311867273.616742 -0.30573 -1.18143 1.78166 -0.629064 0.592815 -0.351584 0.359496
1311867273.949213 -0.274669 -1.18647 1.76528 -0.626765 0.601786 -0.351607 0.348414
1311867274.280784 -0.232377 -1.1746 1.75134 -0.636332 0.594965 -0.347237 0.347167
1311867274.616863 -0.190285 -1.16787 1.74503 -0.631387 0.593397 -0.35249 0.353528
1311867274.948646 -0.156727 -1.16186 1.73031 -0.626426 0.59169 -0.359308 0.358319
1311867275.280811 -0.119966 -1.1566 1.71612 -0.624394 0.591791 -0.362943 0.358034
1311867275.616794 -0.0798133 -1.1429 1.70122 -0.628776 0.596467 -0.357543 0.347894
1311867275.948821 -0.0468108 -1.13006 1.68909 -0.629616 0.59705 -0.355556 0.347411
1311867276.281034 -0.0163258 -1.12017 1.67515 -0.628984 0.602741 -0.352075 0.342236
1311867276.616955 0.00915267 -1.1137 1.66616 -0.623612 0.612097 -0.352254 0.335205
1311867276.948866 0.033313 -1.10525 1.65944 -0.625714 0.611633 -0.350747 0.333713
1311867277.280849 0.0598384 -1.10105 1.64158 -0.631213 0.612412 -0.343178 0.329773
1311867277.616897 0.0888093 -1.09834 1.63001 -0.628799 0.614196 -0.341821 0.332466
1311867277.948933 0.11588 -1.10434 1.61402 -0.626482 0.61707 -0.342089 0.331241
1311867278.284908 0.146982 -1.11344 1.59671 -0.620184 0.612623 -0.34896 0.343935
1311867278.616874 0.177254 -1.11594 1.58419 -0.616996 0.602296 -0.354052 0.362219
1311867278.949082 0.203198 -1.12294 1.56677 -0.620309 0.59857 -0.353791 0.362991
1311867279.284982 0.228076 -1.12647 1.54909 -0.624753 0.597626 -0.348773 0.361779
1311867279.617658 0.253957 -1.1249 1.53205 -0.633208 0.596411 -0.342797 0.354728
1311867279.952401 0.278386 -1.13166 1.51633 -0.63326 0.602724 -0.336898 0.34958
1311867280.285235 0.305068 -1.13698 1.49876 -0.634214 0.613571 -0.329748 0.335513
1311867280.619113 0.329834 -1.14193 1.48417 -0.638223 0.622258 -0.320774 0.320266
1311867280.949429 0.350121 -1.1442 1.46963 -0.643217 0.62332 -0.319508 0.309289
1311867281.285102 0.371703 -1.14916 1.45585 -0.647969 0.627963 -0.311801 0.297622
1311867281.617286 0.392912 -1.15543 1.44403 -0.651251 0.629313 -0.303806 0.295869
1311867281.949198 0.408337 -1.16509 1.43782 -0.648941 0.632137 -0.296278 0.302487
1311867282.288070 0.423004 -1.17656 1.42871 -0.648536 0.634573 -0.289691 0.304626
1311867282.617188 0.438043 -1.18371 1.4223 -0.649754 0.633301 -0.289534 0.304826
1311867282.950235 0.446474 -1.18173 1.41515 -0.653994 0.629413 -0.288551 0.304744
1311867283.285375 0.456148 -1.18106 1.41142 -0.655949 0.628037 -0.287295 0.304568
1311867283.617318 0.462508 -1.18275 1.40823 -0.653863 0.627156 -0.291962 0.306427
1311867283.949890 0.466577 -1.17947 1.40296 -0.652296 0.629822 -0.291069 0.305145
1311867284.285316 0.469078 -1.17449 1.39867 -0.653699 0.629983 -0.290473 0.302363
1311867284.617494 0.470167 -1.1778 1.39318 -0.652834 0.632359 -0.287802 0.301828
1311867284.949247 0.470546 -1.18206 1.38881 -0.654587 0.631589 -0.284819 0.302472
1311867285.285362 0.468038 -1.17864 1.39716 -0.655366 0.62789 -0.287202 0.306209
1311867285.617551 0.470236 -1.17591 1.39607 -0.655644 0.628165 -0.288101 0.304201
1311867285.949513 0.471455 -1.17293 1.39589 -0.655285 0.626155 -0.292022 0.305377
1311867286.286163 0.473873 -1.17144 1.39241 -0.657871 0.624907 -0.290144 0.304162
1311867286.619073 0.473652 -1.17177 1.39006 -0.658381 0.620422 -0.289426 0.312799
1311867286.954361 0.47405 -1.17656 1.38948 -0.660869 0.617282 -0.288144 0.314941
1311867287.287011 0.473543 -1.17707 1.38921 -0.66267 0.616957 -0.287861 0.312039
1311867287.617657 0.473663 -1.17915 1.39142 -0.661779 0.616702 -0.286047 0.316077
1311867287.953561 0.475684 -1.18053 1.39015 -0.661393 0.618987 -0.286117 0.312332
1311867288.285472 0.475121 -1.18235 1.39505 -0.657988 0.618985 -0.291002 0.315003
1311867288.617541 0.473553 -1.177 1.39381 -0.658376 0.618398 -0.292907 0.313577
1311867288.954939 0.470157 -1.17391 1.39311 -0.657027 0.620655 -0.2958 0.309202
1311867289.285387 0.471585 -1.17508 1.39486 -0.655263 0.622392 -0.295124 0.310098
1311867289.617649 0.471131 -1.17186 1.39203 -0.657992 0.62 -0.293962 0.310215
1311867289.953641 0.476776 -1.16638 1.38877 -0.664588 0.617441 -0.2902 0.30475
1311867290.286994 0.480955 -1.16655 1.38808 -0.660941 0.621329 -0.288989 0.305928
1311867290.620155 0.479665 -1.1644 1.38904 -0.661275 0.619066 -0.289952 0.308869
1311867290.953711 0.477365 -1.16685 1.39253 -0.660908 0.618695 -0.290456 0.309924
1311867291.287791 0.47372 -1.17259 1.39398 -0.66036 0.618543 -0.289522 0.312261
1311867291.620673 0.472087 -1.17323 1.39681 -0.661863 0.615695 -0.289598 0.314628
1311867291.953720 0.470423 -1.17634 1.39791 -0.660568 0.615424 -0.291084 0.316502
1311867292.287816 0.472701 -1.17505 1.39612 -0.659209 0.617637 -0.291304 0.314819
1311867292.623076 0.473389 -1.17468 1.3959 -0.660201 0.616057 -0.290794 0.316302
