1311868164.363181 -0.1546 -1.4445 1.4773 0.652868 -0.548274 0.324784 -0.40948
1311868165.031122 -0.180389 -1.55916 1.49988 0.662538 -0.527888 0.329805 -0.416661
1311868165.699187 -0.194413 -1.76789 1.49113 0.69191 -0.505522 0.296561 -0.421615
1311868166.363122 -0.318275 -1.79664 1.46328 0.685259 -0.551267 0.300374 -0.36919
1311868167.031127 -0.34688 -1.941 1.46418 0.696913 -0.529961 0.299668 -0.379015
1311868167.731241 -0.302283 -2.14479 1.46802 0.729352 -0.481852 0.268397 -0.404756
1311868168.499268 -0.173277 -2.15643 1.48846 0.731907 -0.472934 0.265513 -0.412491
1311868169.331297 0.00591719 -2.1644 1.52296 0.752047 -0.399696 0.238863 -0.466489
1311868169.999399 0.159698 -2.24554 1.58274 0.76434 -0.320948 0.217239 -0.515348
1311868170.663430 0.121625 -2.38801 1.58589 0.766953 -0.318557 0.203046 -0.518726
1311868171.331406 0.128907 -2.51985 1.57855 0.779641 -0.301012 0.183835 -0.517453
1311868172.099529 0.23577 -2.70334 1.52205 0.814754 -0.25383 0.157908 -0.496802
1311868172.963571 0.402708 -2.77645 1.4279 0.854916 -0.26861 0.139108 -0.421446
1311868173.731607 0.583248 -2.76868 1.43094 0.857916 -0.253663 0.13114 -0.427128
1311868174.467566 0.765068 -2.84257 1.46493 0.865707 -0.150978 0.102268 -0.466152
1311868175.131719 0.878911 -2.80109 1.51761 0.845442 -0.13651 0.0955975 -0.507399
1311868175.799815 1.01573 -2.72334 1.57021 0.792168 -0.121447 0.0756775 -0.593291
1311868176.467865 1.24357 -2.78159 1.56268 0.809246 -0.0373192 0.0296877 -0.585531
1311868177.131895 1.39533 -2.7678 1.53867 0.826426 -0.0278043 0.0163744 -0.56212
1311868177.799899 1.5311 -2.68694 1.51118 0.841097 -0.0159418 0.0170505 -0.540381
1311868178.467895 1.7046 -2.73974 1.47512 0.84591 0.0779368 -0.0345485 -0.526468
1311868179.132026 1.74269 -2.90686 1.45612 0.852142 0.0786476 -0.0614887 -0.5137
1311868179.800056 1.81694 -3.08424 1.43204 0.872281 0.0648721 -0.0429295 -0.482777
1311868180.468133 1.98048 -3.17999 1.4067 0.875915 0.109379 -0.0825339 -0.462598
1311868181.132035 2.08422 -3.19083 1.3981 0.877128 0.100988 -0.0812242 -0.462439
1311868181.800057 2.11658 -3.077 1.39576 0.881434 0.0947104 -0.0720603 -0.457067
1311868182.468090 2.12552 -2.85971 1.4148 0.877367 0.0825885 -0.0666163 -0.467941
1311868183.136176 2.21664 -2.5905 1.48737 0.832181 0.168981 -0.113329 -0.515826
1311868183.800370 2.24841 -2.34994 1.54705 0.818579 0.232185 -0.173184 -0.49601
1311868184.468412 2.23814 -2.14424 1.595 0.808399 0.223074 -0.170443 -0.517376
1311868185.136538 2.29069 -1.92698 1.63942 0.758382 0.298618 -0.21642 -0.537444
1311868185.800441 2.30151 -1.77205 1.66502 0.731859 0.273368 -0.226982 -0.581491
1311868186.468526 2.36077 -1.656 1.63165 0.709692 0.367168 -0.279971 -0.53211
1311868187.136587 2.46381 -1.71136 1.60145 0.715595 0.387882 -0.293663 -0.501232
1311868187.800538 2.60112 -1.76651 1.5676 0.740748 0.386416 -0.265687 -0.481025
1311868188.468574 2.78096 -1.67547 1.46894 0.719425 0.461918 -0.275164 -0.43971
1311868189.136620 2.94318 -1.77477 1.42146 0.744332 0.468434 -0.287488 -0.379327
1311868189.802939 3.10097 -1.85455 1.39021 0.764512 0.469479 -0.253998 -0.361379
1311868190.468862 3.28636 -1.77507 1.38276 0.770167 0.457101 -0.250093 -0.367905
1311868191.136667 3.37533 -1.72988 1.37249 0.773998 0.452689 -0.248555 -0.366361
1311868191.804765 3.39958 -1.6841 1.38756 0.771045 0.451548 -0.246088 -0.375546
1311868192.471387 3.33168 -1.61696 1.41175 0.77715 0.441003 -0.233422 -0.383495
1311868193.140696 3.23116 -1.57227 1.46001 0.758605 0.452947 -0.252498 -0.394465
1311868193.809392 3.19471 -1.50225 1.53599 0.714518 0.507306 -0.278808 -0.392901
1311868194.468912 3.17902 -1.46348 1.60293 0.706775 0.505552 -0.289989 -0.400989
1311868195.139745 3.20199 -1.42355 1.64089 0.69922 0.492705 -0.308919 -0.415816
1311868195.808835 3.31926 -1.35974 1.59917 0.711803 0.485683 -0.281639 -0.422051
1311868196.468966 3.43532 -1.40671 1.54259 0.756652 0.442558 -0.258488 -0.40596
1311868197.136991 3.56517 -1.38405 1.50174 0.778812 0.426305 -0.244662 -0.389688
1311868197.805395 3.68889 -1.26764 1.45597 0.763176 0.483971 -0.241695 -0.353437
1311868198.469161 3.71871 -1.17443 1.42068 0.778424 0.472623 -0.236876 -0.338488
1311868199.137202 3.67505 -1.06626 1.4188 0.760262 0.50406 -0.237234 -0.334132
1311868199.805309 3.65222 -0.979921 1.41193 0.738476 0.534444 -0.265777 -0.313664
1311868200.473305 3.69884 -0.824442 1.42266 0.691548 0.596499 -0.278437 -0.29736
1311868201.137460 3.74748 -0.716857 1.41254 0.681232 0.607984 -0.29032 -0.286345
1311868201.805263 3.72929 -0.65981 1.4087 0.677028 0.611535 -0.292687 -0.286344
1311868202.473421 3.71008 -0.5662 1.39746 0.660152 0.643733 -0.278275 -0.269017
1311868203.137538 3.67827 -0.473571 1.42496 0.636582 0.650935 -0.297969 -0.286813
1311868203.905612 3.58927 -0.424603 1.56659 0.570198 0.705398 -0.33149 -0.25962
1311868204.605660 3.49782 -0.311933 1.70544 0.534984 0.731531 -0.34059 -0.250306
1311868205.373547 3.45565 -0.235233 1.82744 0.524401 0.725928 -0.354948 -0.26841
1311868206.137732 3.42866 -0.217933 1.90363 0.515169 0.691266 -0.407425 -0.301259
1311868206.938074 3.40582 -0.196667 1.835 0.500923 0.708369 -0.388483 -0.310436
1311868207.705850 3.41147 -0.0485271 1.7412 0.482507 0.735152 -0.386512 -0.278113
1311868208.537898 3.44597 0.0793163 1.6298 0.489283 0.748624 -0.354425 -0.273034
1311868209.505812 3.3883 0.169333 1.48 0.518504 0.755564 -0.323757 -0.235495
1311868210.405885 3.29993 0.201272 1.41557 0.497882 0.76821 -0.330987 -0.22894
1311868211.074009 3.266 0.245386 1.40894 0.470548 0.783705 -0.341199 -0.21903
1311868211.742056 3.21754 0.41557 1.40221 0.442667 0.802844 -0.339612 -0.210122
1311868212.406130 3.19133 0.547273 1.39052 0.448769 0.802501 -0.332026 -0.210611
1311868213.073951 3.12817 0.597343 1.39982 0.458853 0.792593 -0.335098 -0.221268
1311868213.742210 3.01746 0.61664 1.41837 0.421366 0.810242 -0.342548 -0.220497
1311868214.406227 2.94317 0.641483 1.43852 0.411344 0.811052 -0.368143 -0.193551
1311868215.074234 2.85358 0.686378 1.46251 0.334939 0.8414 -0.385286 -0.177247
1311868215.742205 2.77524 0.687531 1.53748 0.277991 0.856807 -0.402354 -0.163444
1311868216.406671 2.71065 0.659235 1.63876 0.259448 0.857848 -0.4194 -0.144521
1311868217.074615 2.65093 0.667555 1.71954 0.264536 0.84702 -0.435852 -0.150373
1311868217.742436 2.63104 0.661492 1.74849 0.268171 0.836368 -0.449285 -0.163449
1311868218.410500 2.63172 0.646241 1.70214 0.26346 0.832924 -0.459306 -0.160827
1311868219.074699 2.59546 0.716864 1.63146 0.237301 0.83875 -0.463531 -0.159137
1311868219.742593 2.55838 0.782474 1.46339 0.237815 0.849757 -0.458786 -0.104271
1311868220.410461 2.56944 0.824141 1.34475 0.213828 0.866591 -0.445278 -0.0708862
1311868221.074778 2.56325 0.898381 1.27198 0.202446 0.886135 -0.412642 -0.0592261
1311868221.742786 2.56133 0.942203 1.25612 0.203968 0.884634 -0.414197 -0.0652752
1311868222.410818 2.51212 0.963855 1.26315 0.222427 0.882968 -0.407856 -0.0674312
1311868223.076517 2.41893 0.975288 1.2707 0.180213 0.896212 -0.401938 -0.0526581
1311868223.742872 2.35435 0.988653 1.28001 0.169574 0.895578 -0.409278 -0.04094
1311868224.410879 2.27103 1.03484 1.28872 0.149608 0.894017 -0.421574 -0.0250237
1311868225.076066 2.13888 1.10036 1.30227 0.119485 0.898842 -0.421015 -0.0234969
1311868225.746296 2.06821 1.16307 1.30566 0.100411 0.901523 -0.420829 -0.00880171
1311868226.411020 1.99994 1.18977 1.31017 0.0949588 0.901901 -0.421261 -0.00980872
1311868227.077103 1.83374 1.15023 1.34588 0.0855642 0.901004 -0.425287 0.000829517
1311868227.744281 1.69653 1.10689 1.37066 0.0494887 0.897098 -0.438031 0.0298982
1311868228.412437 1.54723 1.12691 1.39045 -0.0327129 0.896341 -0.43661 0.0698102
1311868229.080635 1.40371 1.15154 1.40578 -0.055704 0.897082 -0.432678 0.0702274
1311868229.748721 1.35385 1.02286 1.48118 -0.0521486 0.908039 -0.409416 0.0715775
1311868230.414198 1.33422 0.84981 1.58986 -0.0401041 0.911403 -0.403466 0.0703641
1311868231.083967 1.26073 0.709897 1.65339 -0.0345349 0.905404 -0.418975 0.0592545
1311868231.743341 1.24557 0.576303 1.73782 -0.0653237 0.922367 -0.379873 0.0258635
1311868232.411402 1.30479 0.459805 1.82846 -0.0673028 0.930514 -0.359096 0.0257532
1311868233.079646 1.36672 0.412549 1.88383 -0.063563 0.9204 -0.384959 0.025118
1311868233.743366 1.30706 0.464214 1.84626 -0.0850432 0.910244 -0.402304 0.0487415
1311868234.411591 1.15116 0.570789 1.81181 -0.128004 0.894197 -0.425342 0.0557746
1311868235.079664 1.00265 0.690697 1.74491 -0.14817 0.891905 -0.422703 0.0622351
1311868235.743898 0.872476 0.734378 1.66754 -0.13003 0.888387 -0.436713 0.0560604
1311868236.412852 0.76078 0.703513 1.5908 -0.165809 0.885428 -0.42515 0.0881603
1311868237.079739 0.668797 0.687104 1.51871 -0.181708 0.87442 -0.429622 0.133405
1311868237.747723 0.486156 0.672252 1.48513 -0.243962 0.857559 -0.427144 0.150412
1311868238.411808 0.322073 0.644546 1.44966 -0.269214 0.854666 -0.40704 0.177166
1311868239.079767 0.238476 0.553036 1.41425 -0.268916 0.859725 -0.393966 0.182614
1311868239.747890 0.176381 0.481538 1.3809 -0.317831 0.842935 -0.376008 0.216938
1311868240.412142 0.0157374 0.417117 1.36342 -0.379466 0.820619 -0.361856 0.227267
1311868241.111816 -0.0688062 0.377526 1.35613 -0.389922 0.826328 -0.343922 0.216476
1311868241.811843 -0.01146 0.237633 1.50427 -0.383859 0.828287 -0.334781 0.233483
1311868242.479984 -0.05074 0.12959 1.58809 -0.454422 0.784071 -0.334851 0.258085
1311868243.280037 -0.0919198 0.0447339 1.57621 -0.449177 0.773328 -0.353517 0.274281
1311868244.012101 -0.231806 -0.0904483 1.56855 -0.532671 0.727634 -0.317835 0.2929
1311868244.780046 -0.356717 -0.202153 1.47694 -0.556884 0.70517 -0.309419 0.311248
1311868245.448230 -0.366016 -0.343764 1.42373 -0.565465 0.697581 -0.311766 0.310534
1311868246.116229 -0.426878 -0.500335 1.37111 -0.585393 0.689845 -0.270869 0.328724
1311868246.780364 -0.565176 -0.585415 1.3346 -0.597321 0.692174 -0.257199 0.312973
1311868247.448333 -0.563697 -0.6649 1.35342 -0.589452 0.699978 -0.265251 0.303676
1311868248.116239 -0.406595 -0.781618 1.40422 -0.599351 0.684827 -0.263734 0.319742
1311868248.780288 -0.275565 -0.93023 1.44323 -0.654119 0.644962 -0.239587 0.314246
1311868249.448316 -0.16423 -1.06292 1.48601 -0.658402 0.644811 -0.234657 0.309293
1311868250.116495 -0.00182497 -1.08122 1.54215 -0.647021 0.644817 -0.261951 0.311378
1311868250.780601 0.120696 -1.07415 1.606 -0.644396 0.634926 -0.258868 0.33854
1311868251.448794 0.112199 -1.09944 1.59857 -0.655258 0.616405 -0.272664 0.341081
1311868252.116709 0.0353811 -1.25283 1.57496 -0.66863 0.601219 -0.268777 0.345295
1311868252.780724 -0.0516668 -1.45823 1.52861 -0.699868 0.575193 -0.251841 0.340461
1311868253.448691 -0.041722 -1.60429 1.48179 -0.697574 0.589454 -0.244798 0.325588
1311868254.116780 0.0123837 -1.74732 1.44454 -0.704207 0.576538 -0.234909 0.341342
1311868254.784875 0.0186646 -1.94291 1.41663 -0.760909 0.519601 -0.179351 0.344769
1311868255.448957 0.0164777 -2.08231 1.3853 -0.772731 0.504769 -0.156498 0.351572
1311868256.117284 0.0975787 -2.18398 1.37456 -0.78035 0.49475 -0.15316 0.350454
1311868256.785171 0.242094 -2.30206 1.39824 -0.783265 0.471018 -0.156537 0.374345
1311868257.449069 0.375662 -2.40846 1.44061 -0.82555 0.398204 -0.13231 0.377353
1311868258.117570 0.495469 -2.45885 1.51247 -0.856637 0.326551 -0.097056 0.387451
1311868258.785039 0.669622 -2.40714 1.59561 -0.860111 0.313812 -0.0888735 0.392214
1311868259.449140 0.847484 -2.40023 1.63377 -0.869654 0.249403 -0.0927872 0.4158
1311868260.116985 0.93731 -2.45074 1.61393 -0.869529 0.225018 -0.0944353 0.429381
1311868260.785032 0.888857 -2.41305 1.59702 -0.874673 0.225247 -0.0774624 0.42215
1311868261.450926 0.869823 -2.39444 1.59857 -0.877936 0.217404 -0.0702004 0.420757
1311868262.117887 0.867804 -2.39092 1.59654 -0.881082 0.213572 -0.0690356 0.416313
1311868262.785224 0.867947 -2.39147 1.59809 -0.878995 0.218391 -0.0705707 0.417962
