1305031102.175304 1.3405 0.6266 1.6575 0.657428 0.612626 -0.294913 -0.324814
1305031102.375329 1.28671 0.628001 1.60456 0.66139 0.622675 -0.291746 -0.299538
1305031102.575286 1.22999 0.63282 1.55452 0.663622 0.635783 -0.277467 -0.279996
1305031102.775472 1.18237 0.632033 1.49397 0.666783 0.63121 -0.278131 -0.282165
1305031102.975203 1.14023 0.615529 1.44683 0.665652 0.634158 -0.266641 -0.289231
1305031103.143318 1.10714 0.623542 1.39663 0.667495 0.632726 -0.281676 -0.273435
1305031103.343223 1.08555 0.626826 1.36322 0.676272 0.638937 -0.276743 -0.240477
1305031103.511333 1.08583 0.625685 1.38654 0.675255 0.64277 -0.275022 -0.235031
1305031103.675523 1.11211 0.624598 1.43437 0.667678 0.641724 -0.292477 -0.23844
1305031103.843251 1.15885 0.622307 1.48622 0.660351 0.64592 -0.29175 -0.248206
1305031104.011232 1.18653 0.632465 1.55382 0.651424 0.655467 -0.297199 -0.240173
1305031104.175424 1.23399 0.637561 1.61092 0.647183 0.647922 -0.295101 -0.272518
1305031104.343342 1.27569 0.643815 1.65545 0.645008 0.63852 -0.299262 -0.294447
1305031104.511329 1.31183 0.630305 1.69477 0.649079 0.632499 -0.296323 -0.301388
1305031104.675525 1.33418 0.650703 1.73533 0.643929 0.613451 -0.31292 -0.333338
1305031104.843258 1.38078 0.648733 1.75829 0.639518 0.574105 -0.32946 -0.390993
1305031105.011290 1.39287 0.645698 1.73298 0.642229 0.565752 -0.333451 -0.395318
1305031105.175159 1.36122 0.633965 1.68381 0.64692 0.587252 -0.313002 -0.372371
1305031105.343302 1.29723 0.621319 1.64542 0.652743 0.617652 -0.297379 -0.322488
1305031105.511332 1.24611 0.61772 1.59454 0.652748 0.631571 -0.295524 -0.296149
1305031105.711309 1.17375 0.628002 1.54103 0.659144 0.633556 -0.291864 -0.280983
1305031105.875337 1.13405 0.634729 1.48242 0.666067 0.621907 -0.283857 -0.298349
1305031106.043355 1.09785 0.635119 1.42767 0.682005 0.615626 -0.265705 -0.292018
1305031106.211275 1.06288 0.631643 1.38401 0.692272 0.618898 -0.25403 -0.270542
1305031106.375388 1.05124 0.625557 1.35946 0.697286 0.625205 -0.241475 -0.254166
1305031106.543302 1.05803 0.625807 1.37951 0.68924 0.63395 -0.239205 -0.256586
1305031106.711508 1.0927 0.615197 1.42878 0.679393 0.64232 -0.248279 -0.25339
1305031106.875905 1.13819 0.619686 1.49152 0.66675 0.651191 -0.267926 -0.244153
1305031107.043281 1.19387 0.617342 1.55976 0.653649 0.655423 -0.267638 -0.267457
1305031107.211358 1.23716 0.621598 1.6216 0.647289 0.651862 -0.275883 -0.282809
1305031107.375413 1.28051 0.630303 1.66723 0.639515 0.635714 -0.289654 -0.32092
1305031107.543605 1.30248 0.643109 1.67835 0.642603 0.622744 -0.287802 -0.341204
1305031107.711307 1.30259 0.647076 1.66755 0.650186 0.617648 -0.283879 -0.339386
1305031107.875358 1.29508 0.654316 1.65745 0.64903 0.62666 -0.279196 -0.328796
1305031108.043418 1.28549 0.69499 1.64855 0.649515 0.618074 -0.272881 -0.348786
1305031108.211475 1.27779 0.74747 1.6321 0.66098 0.604318 -0.260048 -0.360944
1305031108.375410 1.27331 0.802603 1.61019 0.670162 0.602409 -0.251363 -0.353275
1305031108.543737 1.26101 0.884538 1.60762 0.688529 0.589178 -0.253922 -0.338114
1305031108.711411 1.27424 0.946335 1.5832 0.700285 0.571952 -0.240898 -0.35276
1305031108.876515 1.27367 0.966821 1.58944 0.715574 0.55506 -0.238328 -0.350802
1305031109.043277 1.28296 0.954396 1.598 0.708107 0.557159 -0.258843 -0.348077
1305031109.211379 1.29803 0.906988 1.58741 0.6989 0.572908 -0.265012 -0.336278
1305031109.375397 1.28368 0.831118 1.59486 0.700027 0.583755 -0.276428 -0.304597
1305031109.543294 1.28533 0.766798 1.59747 0.684828 0.603179 -0.280998 -0.29703
1305031109.711312 1.29516 0.695748 1.59423 0.682507 0.60734 -0.281916 -0.292993
1305031109.875306 1.28673 0.626045 1.5868 0.681608 0.618117 -0.276826 -0.276964
1305031110.043299 1.27295 0.562126 1.57184 0.663663 0.643852 -0.27063 -0.267891
1305031110.211637 1.25978 0.49837 1.56775 0.653859 0.66202 -0.262458 -0.255565
1305031110.379281 1.25716 0.445421 1.56809 0.641254 0.670826 -0.278493 -0.247443
1305031110.543408 1.262 0.387686 1.56244 0.620332 0.693333 -0.288221 -0.226728
1305031110.711412 1.25568 0.350268 1.55422 0.606915 0.709788 -0.28769 -0.212345
1305031110.879313 1.25448 0.339531 1.5535 0.600553 0.716163 -0.289971 -0.205824
1305031111.043327 1.25484 0.372528 1.54818 0.603138 0.7143 -0.288236 -0.207172
1305031111.211433 1.25356 0.418704 1.54587 0.615853 0.702632 -0.281058 -0.219178
1305031111.379134 1.2471 0.469106 1.55081 0.623044 0.694618 -0.282795 -0.222145
1305031111.543250 1.24454 0.545271 1.54851 0.622017 0.688118 -0.284241 -0.242478
1305031111.711760 1.24905 0.615417 1.54604 0.646331 0.658205 -0.284441 -0.260989
1305031111.879442 1.25085 0.677641 1.54374 0.670222 0.626083 -0.25786 -0.303859
1305031112.043270 1.24887 0.760199 1.54847 0.682341 0.608644 -0.263892 -0.307123
1305031112.211254 1.24274 0.828679 1.54934 0.682184 0.605728 -0.226845 -0.340971
1305031112.379360 1.25179 0.895708 1.54456 0.674156 0.592465 -0.238899 -0.370712
1305031112.543212 1.25811 0.953322 1.55113 0.686225 0.572641 -0.266995 -0.360405
1305031112.711251 1.26913 1.00032 1.5414 0.703578 0.552729 -0.269052 -0.356482
1305031112.879421 1.26614 0.985004 1.53201 0.712812 0.55446 -0.257529 -0.343734
1305031113.043231 1.2629 0.945325 1.53666 0.709528 0.567828 -0.258663 -0.327467
1305031113.211259 1.25221 0.868628 1.55207 0.70242 0.580835 -0.256954 -0.321266
1305031113.379312 1.24956 0.789018 1.55652 0.692572 0.591247 -0.282951 -0.301181
1305031113.543242 1.2382 0.703101 1.55503 0.675001 0.614368 -0.293899 -0.283813
1305031113.711931 1.23076 0.631072 1.54531 0.661043 0.632037 -0.288765 -0.283135
1305031113.879281 1.22159 0.559837 1.54527 0.650905 0.641251 -0.27713 -0.297186
1305031114.043301 1.22214 0.485241 1.53912 0.637355 0.645716 -0.279862 -0.313859
1305031114.211303 1.22318 0.423762 1.53316 0.620246 0.656414 -0.294993 -0.312082
1305031114.379320 1.21187 0.369332 1.53016 0.605501 0.673463 -0.304296 -0.295332
1305031114.543236 1.20562 0.325997 1.52633 0.592743 0.68616 -0.316601 -0.278575
1305031114.711306 1.19497 0.304001 1.52761 0.596105 0.689616 -0.320225 -0.257961
1305031114.879281 1.20177 0.314759 1.52561 0.585902 0.696157 -0.324958 -0.257852
1305031115.043508 1.20324 0.355581 1.51477 0.587731 0.70146 -0.314989 -0.251612
1305031115.211374 1.19102 0.416093 1.50559 0.602132 0.694201 -0.299389 -0.256686
1305031115.379166 1.19393 0.476271 1.49228 0.623135 0.670863 -0.293648 -0.274619
1305031115.543604 1.17184 0.588298 1.48091 0.642455 0.66127 -0.293911 -0.252171
1305031115.711320 1.17926 0.657916 1.48817 0.673794 0.6265 -0.288935 -0.264603
1305031115.879198 1.17964 0.73776 1.49363 0.706859 0.590687 -0.272537 -0.277782
1305031116.043164 1.18856 0.819415 1.48249 0.729809 0.565232 -0.256244 -0.286758
1305031116.211299 1.18369 0.877814 1.47079 0.754045 0.546639 -0.221893 -0.288732
1305031116.379384 1.16789 0.978123 1.50015 0.772676 0.534658 -0.211458 -0.269067
1305031116.543262 1.17891 0.883008 1.48293 0.776154 0.512373 -0.191249 -0.31382
1305031116.711634 1.18775 0.819153 1.47258 0.748235 0.54467 -0.204383 -0.318914
1305031116.880165 1.18846 0.71769 1.46749 0.717295 0.583407 -0.206655 -0.320028
1305031117.043261 1.19407 0.641286 1.46691 0.678609 0.629093 -0.238192 -0.294953
1305031117.211361 1.19721 0.589568 1.45165 0.657407 0.656154 -0.259632 -0.264329
1305031117.379454 1.18283 0.581453 1.45202 0.654858 0.666061 -0.249215 -0.255765
1305031117.544285 1.16752 0.579251 1.47385 0.653153 0.66112 -0.263621 -0.258488
1305031117.711184 1.13613 0.578333 1.4948 0.65069 0.660949 -0.274819 -0.253422
1305031117.879451 1.09176 0.587355 1.5186 0.653336 0.656957 -0.28259 -0.248399
1305031118.043521 1.04127 0.584706 1.54261 0.655655 0.65593 -0.275983 -0.252401
1305031118.211202 0.990704 0.583659 1.57025 0.656472 0.653449 -0.266708 -0.2663
1305031118.379208 0.954254 0.586806 1.59271 0.648639 0.649424 -0.279761 -0.281514
1305031118.544414 0.952876 0.591154 1.58505 0.649202 0.643881 -0.288998 -0.283609
1305031118.711421 0.972504 0.588573 1.5685 0.647116 0.650146 -0.276895 -0.286148
1305031118.879208 1.03044 0.590453 1.53432 0.641865 0.652397 -0.283912 -0.285975
1305031119.047172 1.08475 0.580542 1.51075 0.638715 0.660303 -0.272038 -0.286424
1305031119.211364 1.13979 0.574912 1.48758 0.635445 0.662234 -0.284098 -0.277387
1305031119.379239 1.19144 0.571146 1.45966 0.636118 0.659121 -0.292583 -0.274424
1305031119.547382 1.23783 0.568236 1.42842 0.63974 0.656591 -0.288179 -0.276719
1305031119.715232 1.2792 0.562379 1.39063 0.649106 0.657315 -0.26927 -0.272199
1305031119.879214 1.30793 0.560772 1.35953 0.663315 0.649767 -0.265764 -0.259202
1305031120.047290 1.33537 0.553352 1.33558 0.673438 0.648501 -0.247324 -0.254479
1305031120.215249 1.32649 0.557307 1.34462 0.677053 0.645959 -0.252329 -0.246305
1305031120.379437 1.29416 0.561879 1.37079 0.668452 0.648445 -0.257482 -0.257672
1305031120.547736 1.2444 0.567999 1.40023 0.661255 0.640467 -0.282592 -0.269604
1305031120.714522 1.20019 0.576545 1.41971 0.656501 0.634975 -0.305641 -0.269066
1305031120.883435 1.15574 0.58506 1.44597 0.649925 0.637357 -0.313609 -0.270227
1305031121.047498 1.12097 0.581809 1.47371 0.644258 0.640674 -0.312004 -0.277711
1305031121.211420 1.08029 0.586381 1.50496 0.638543 0.640926 -0.32072 -0.280385
1305031121.383226 1.03761 0.588855 1.5362 0.638047 0.637268 -0.328123 -0.281285
1305031121.547270 1.00558 0.590938 1.55863 0.638283 0.630561 -0.332868 -0.290149
1305031121.714520 0.968835 0.589405 1.58489 0.640938 0.631048 -0.321117 -0.296415
1305031121.882060 0.946254 0.594191 1.59427 0.65379 0.62336 -0.318357 -0.287453
1305031122.047306 0.957058 0.593897 1.5843 0.64891 0.628043 -0.320258 -0.286204
1305031122.214959 1.00964 0.588549 1.55101 0.633082 0.641603 -0.313637 -0.298639
1305031122.382630 1.05735 0.574734 1.52264 0.629842 0.659359 -0.29593 -0.284553
1305031122.551490 1.10497 0.576144 1.49934 0.62614 0.669856 -0.299847 -0.263312
1305031122.715208 1.15454 0.565661 1.47555 0.62816 0.668055 -0.302117 -0.260467
1305031122.883754 1.20005 0.568094 1.43712 0.631083 0.671306 -0.289997 -0.258813
1305031123.051827 1.22853 0.563133 1.41701 0.641873 0.666248 -0.28481 -0.250991
1305031123.214704 1.26688 0.562461 1.37901 0.649887 0.663411 -0.274637 -0.249214
1305031123.382255 1.29866 0.563634 1.33961 0.666709 0.66089 -0.246134 -0.241127
1305031123.551513 1.32616 0.567706 1.31115 0.681027 0.652909 -0.235449 -0.2334
1305031123.711323 1.35336 0.571619 1.28277 0.691651 0.648331 -0.221512 -0.228512
1305031123.883786 1.37269 0.575818 1.26522 0.695028 0.643251 -0.227452 -0.226781
1305031124.051505 1.35554 0.575904 1.2812 0.690981 0.64301 -0.24133 -0.225485
1305031124.211396 1.31985 0.576746 1.30532 0.678759 0.645909 -0.257904 -0.23574
1305031124.382420 1.28483 0.579711 1.33576 0.667241 0.647827 -0.279221 -0.23905
1305031124.550437 1.2493 0.578383 1.37254 0.649998 0.648312 -0.299737 -0.259523
1305031124.711251 1.20315 0.582519 1.40939 0.633856 0.651804 -0.316559 -0.270497
1305031124.879355 1.14699 0.588581 1.44414 0.626699 0.652943 -0.324887 -0.274522
1305031125.050763 1.09498 0.590005 1.47162 0.626838 0.64848 -0.330539 -0.278015
1305031125.211320 1.04876 0.589732 1.49869 0.630289 0.645262 -0.329357 -0.279098
1305031125.379401 1.01436 0.590093 1.5181 0.622673 0.647287 -0.329474 -0.29111
1305031125.551020 0.992082 0.586521 1.53032 0.627055 0.64544 -0.310728 -0.306035
1305031125.711443 0.997877 0.579598 1.54058 0.625995 0.641374 -0.31741 -0.309874
1305031125.879318 1.04269 0.57783 1.5141 0.620123 0.643574 -0.319801 -0.314624
1305031126.047324 1.08844 0.58429 1.4775 0.619799 0.649958 -0.332176 -0.288206
1305031126.211319 1.12807 0.586086 1.43326 0.629088 0.654423 -0.317546 -0.274121
1305031126.379423 1.17303 0.583924 1.39089 0.636025 0.659454 -0.294602 -0.271665
1305031126.547374 1.21174 0.584148 1.35767 0.645028 0.66223 -0.282417 -0.256186
1305031126.711583 1.23782 0.587652 1.33619 0.661354 0.656364 -0.268173 -0.244705
1305031126.879357 1.25723 0.592535 1.32794 0.66971 0.649024 -0.263072 -0.247083
1305031127.047297 1.26233 0.594968 1.32958 0.672019 0.646357 -0.264247 -0.24655
1305031127.211700 1.25422 0.594983 1.33554 0.668802 0.64799 -0.273143 -0.241259
1305031127.379262 1.24058 0.593193 1.3431 0.663466 0.649364 -0.279208 -0.245319
1305031127.547348 1.22593 0.592324 1.34722 0.659553 0.652702 -0.282481 -0.243258
1305031127.711375 1.22327 0.590392 1.34642 0.658475 0.651572 -0.286564 -0.244429
1305031127.879380 1.21779 0.588992 1.35057 0.656793 0.653305 -0.286553 -0.244341
1305031128.047369 1.21017 0.591075 1.34733 0.657803 0.655165 -0.284837 -0.238583
1305031128.211447 1.20191 0.592664 1.34979 0.660316 0.651666 -0.28757 -0.237945
1305031128.379404 1.19919 0.591557 1.35154 0.658206 0.653815 -0.287394 -0.238106
1305031128.547399 1.19777 0.59032 1.35416 0.655268 0.656432 -0.286046 -0.240621
1305031128.711457 1.19646 0.589939 1.35858 0.653074 0.656948 -0.288944 -0.241712
