1305031102.175304 1.3405 0.6266 1.6575 0.657428 0.612626 -0.294913 -0.324814
1305031102.375329 1.2836 0.625074 1.59779 0.659567 0.624299 -0.293042 -0.298912
1305031102.575286 1.22728 0.627482 1.54654 0.660279 0.638592 -0.279656 -0.279328
1305031102.775472 1.17352 0.621929 1.48596 0.663559 0.633613 -0.282011 -0.280524
1305031102.975203 1.13282 0.596995 1.44316 0.663141 0.635172 -0.270204 -0.289466
1305031103.143318 1.0935 0.598739 1.388 0.663502 0.634667 -0.286177 -0.273983
1305031103.343223 1.07251 0.59896 1.34826 0.669578 0.643163 -0.282504 -0.241245
1305031103.511333 1.07407 0.599506 1.36975 0.668576 0.646687 -0.281372 -0.235864
1305031103.675523 1.09809 0.600931 1.4188 0.661283 0.645953 -0.297013 -0.239233
1305031103.843251 1.14752 0.603424 1.47444 0.654649 0.65046 -0.293502 -0.249385
1305031104.011232 1.17368 0.61438 1.54166 0.645622 0.660571 -0.296241 -0.243022
1305031104.175424 1.22011 0.628828 1.60047 0.64492 0.65083 -0.293124 -0.273086
1305031104.343342 1.25873 0.638464 1.64581 0.645021 0.640214 -0.295896 -0.294142
1305031104.511329 1.30123 0.629456 1.68608 0.650157 0.634025 -0.292369 -0.299714
1305031104.675525 1.30626 0.657399 1.72686 0.64746 0.612861 -0.310777 -0.329566
1305031104.843258 1.32489 0.671954 1.78143 0.64898 0.573425 -0.325859 -0.379242
1305031105.011290 1.33804 0.67032 1.75106 0.65231 0.564152 -0.331649 -0.382403
1305031105.175159 1.32517 0.65316 1.69503 0.655211 0.586167 -0.311301 -0.36083
1305031105.343302 1.27075 0.636802 1.64728 0.656872 0.619378 -0.297176 -0.310767
1305031105.511332 1.22078 0.62268 1.59265 0.65392 0.634481 -0.29591 -0.286811
1305031105.711309 1.14096 0.628034 1.54408 0.658349 0.63776 -0.294111 -0.270811
1305031105.875337 1.08874 0.647189 1.49599 0.667398 0.625056 -0.288435 -0.28406
1305031106.043355 1.05654 0.654346 1.44412 0.683731 0.617354 -0.275278 -0.274969
1305031106.211275 1.028 0.648482 1.40132 0.691995 0.620466 -0.267782 -0.253884
1305031106.375388 1.02345 0.649613 1.36641 0.694938 0.624993 -0.26694 -0.234923
1305031106.543302 1.02943 0.639681 1.39007 0.689063 0.633352 -0.255173 -0.242782
1305031106.711508 1.07188 0.625403 1.43131 0.678127 0.642385 -0.262196 -0.24236
1305031106.875905 1.12029 0.623395 1.48587 0.663407 0.654161 -0.277619 -0.23429
1305031107.043281 1.17927 0.624544 1.54428 0.653319 0.656176 -0.275058 -0.258749
1305031107.211358 1.21954 0.630694 1.60132 0.648741 0.652121 -0.28112 -0.273578
1305031107.375413 1.24299 0.647998 1.64288 0.645428 0.633499 -0.294224 -0.309086
1305031107.543605 1.25426 0.685605 1.65893 0.653506 0.618551 -0.292728 -0.323473
1305031107.711307 1.26337 0.693432 1.64527 0.660533 0.613153 -0.291144 -0.320895
1305031107.875358 1.27177 0.696024 1.62765 0.657463 0.621606 -0.287244 -0.314388
1305031108.043418 1.2443 0.790588 1.63068 0.662258 0.611095 -0.28526 -0.326502
1305031108.211475 1.235 0.886286 1.61408 0.677803 0.593302 -0.278506 -0.333184
1305031108.375410 1.24441 0.955794 1.58639 0.686603 0.589692 -0.271498 -0.327305
1305031108.543737 1.24028 1.05245 1.57885 0.700099 0.578748 -0.276077 -0.314155
1305031108.711411 1.26479 1.16353 1.56206 0.716623 0.558877 -0.266898 -0.320739
1305031108.876515 1.26756 1.19151 1.56196 0.730694 0.54196 -0.268286 -0.316843
1305031109.043277 1.25891 1.15511 1.57903 0.721145 0.548914 -0.280968 -0.315753
1305031109.211379 1.27736 1.0823 1.57184 0.710685 0.566449 -0.28202 -0.307453
1305031109.375397 1.27346 0.975702 1.60104 0.71204 0.578079 -0.288742 -0.274684
1305031109.543294 1.27753 0.88946 1.60744 0.696328 0.597835 -0.291148 -0.2701
1305031109.711312 1.29023 0.806156 1.6072 0.693814 0.602394 -0.291944 -0.265541
1305031109.875306 1.2897 0.723116 1.60277 0.691954 0.613853 -0.287088 -0.248928
1305031110.043299 1.28094 0.645144 1.5956 0.673237 0.640891 -0.278712 -0.241515
1305031110.211637 1.27508 0.566072 1.59371 0.662829 0.658981 -0.26976 -0.231585
1305031110.379281 1.26797 0.495269 1.60156 0.649554 0.668837 -0.283497 -0.224425
1305031110.543408 1.27917 0.415077 1.59418 0.62625 0.69231 -0.291549 -0.208606
1305031110.711412 1.28014 0.363938 1.58805 0.611921 0.709174 -0.289224 -0.197418
1305031110.879313 1.28095 0.346659 1.58917 0.60528 0.715864 -0.289948 -0.192627
1305031111.043327 1.28208 0.386393 1.58313 0.608058 0.713917 -0.288698 -0.192978
1305031111.211433 1.27834 0.448203 1.57883 0.621635 0.701748 -0.283713 -0.201561
1305031111.379134 1.26855 0.505153 1.57814 0.629169 0.693051 -0.286406 -0.204447
1305031111.543250 1.2574 0.597856 1.57345 0.629555 0.686202 -0.288121 -0.223099
1305031111.711760 1.25312 0.686407 1.56402 0.655328 0.655247 -0.291666 -0.236911
1305031111.879442 1.25222 0.768844 1.55942 0.684922 0.619096 -0.266705 -0.276533
1305031112.043270 1.2444 0.855489 1.54894 0.697394 0.599317 -0.274761 -0.28101
1305031112.211254 1.23993 0.943984 1.5417 0.701606 0.592512 -0.239969 -0.314791
1305031112.379360 1.23165 1.02047 1.54657 0.696486 0.580174 -0.247129 -0.342391
1305031112.543212 1.24326 1.08763 1.55456 0.708043 0.559495 -0.277842 -0.32931
1305031112.711251 1.26208 1.14686 1.54988 0.725597 0.539657 -0.282197 -0.320381
1305031112.879421 1.25229 1.11614 1.53593 0.734548 0.54221 -0.264986 -0.310211
1305031113.043231 1.24891 1.07443 1.53575 0.730877 0.554275 -0.267746 -0.294805
1305031113.211259 1.23601 0.997623 1.55422 0.723715 0.566466 -0.267962 -0.289048
1305031113.379312 1.23009 0.910888 1.56206 0.714542 0.574222 -0.29482 -0.269777
1305031113.543242 1.22018 0.828036 1.58064 0.698311 0.597574 -0.30534 -0.249068
1305031113.711931 1.2125 0.754625 1.58137 0.684278 0.616721 -0.2997 -0.248191
1305031113.879281 1.20093 0.679419 1.59253 0.674957 0.627202 -0.28606 -0.263099
1305031114.043301 1.20066 0.598512 1.59728 0.662405 0.631887 -0.287087 -0.281994
1305031114.211303 1.19931 0.541202 1.59489 0.645804 0.642268 -0.302586 -0.280839
1305031114.379320 1.18903 0.485177 1.5971 0.631124 0.658603 -0.311182 -0.266627
1305031114.543236 1.18032 0.4437 1.59513 0.617579 0.671216 -0.323801 -0.251435
1305031114.711306 1.17025 0.421278 1.59784 0.62008 0.674153 -0.327622 -0.231694
1305031114.879281 1.17647 0.431308 1.59437 0.610146 0.680672 -0.332259 -0.232403
1305031115.043508 1.18174 0.469283 1.58319 0.612101 0.685657 -0.322446 -0.226351
1305031115.211374 1.17487 0.528118 1.57361 0.626202 0.678905 -0.306877 -0.229753
1305031115.379166 1.17666 0.590116 1.55407 0.647082 0.655817 -0.302327 -0.244513
1305031115.543604 1.15835 0.694618 1.51992 0.664462 0.643691 -0.306782 -0.223692
1305031115.711320 1.16503 0.762969 1.51854 0.695068 0.60923 -0.302202 -0.233222
1305031115.879198 1.16114 0.830938 1.50161 0.727342 0.572905 -0.294147 -0.237132
1305031116.043164 1.1623 0.903408 1.48017 0.747633 0.551314 -0.283189 -0.238541
1305031116.211299 1.16776 0.983553 1.47255 0.766869 0.540765 -0.262762 -0.22459
1305031116.379384 1.15067 1.08954 1.49421 0.780796 0.534774 -0.255087 -0.198256
1305031116.543262 1.16614 1.0186 1.49248 0.790106 0.514132 -0.243054 -0.228747
1305031116.711634 1.18241 0.925549 1.48616 0.765699 0.536361 -0.246886 -0.255088
1305031116.880165 1.17979 0.809897 1.4908 0.738277 0.568564 -0.239405 -0.272703
1305031117.043261 1.1965 0.73203 1.51585 0.702675 0.609335 -0.256162 -0.263325
1305031117.211361 1.1965 0.684731 1.50802 0.68066 0.635931 -0.271674 -0.24184
1305031117.379454 1.18528 0.6775 1.51135 0.677337 0.645792 -0.261916 -0.235729
1305031117.544285 1.16173 0.675203 1.5356 0.675825 0.641963 -0.27349 -0.237376
1305031117.711184 1.12596 0.673083 1.56226 0.672826 0.642877 -0.281732 -0.233756
1305031117.879451 1.07355 0.682835 1.58736 0.674749 0.639228 -0.289848 -0.228233
1305031118.043521 1.0177 0.685312 1.61582 0.677576 0.63762 -0.284203 -0.231429
1305031118.211202 0.958608 0.692241 1.64708 0.679842 0.634388 -0.275813 -0.243502
1305031118.379208 0.90313 0.696401 1.67466 0.674251 0.630801 -0.284721 -0.257701
1305031118.544414 0.891398 0.700718 1.66414 0.674369 0.626007 -0.294271 -0.258351
1305031118.711421 0.919927 0.697564 1.64528 0.673136 0.630858 -0.283147 -0.262174
1305031118.879208 0.980099 0.694757 1.60814 0.668668 0.633407 -0.288665 -0.261443
1305031119.047172 1.05063 0.681765 1.58326 0.666084 0.640675 -0.276283 -0.263697
1305031119.211364 1.11192 0.668764 1.55662 0.661862 0.643894 -0.285655 -0.256397
1305031119.379239 1.16888 0.657478 1.51952 0.662102 0.640761 -0.293954 -0.254238
1305031119.547382 1.22242 0.653294 1.48202 0.665454 0.638197 -0.291018 -0.255314
1305031119.715232 1.27891 0.647936 1.43469 0.673618 0.637873 -0.277548 -0.249647
1305031119.879214 1.31492 0.644009 1.39602 0.68467 0.631294 -0.278385 -0.234941
1305031120.047290 1.35796 0.633242 1.36576 0.693912 0.628484 -0.26467 -0.23118
1305031120.215249 1.34468 0.642717 1.37305 0.695714 0.627466 -0.271618 -0.220209
1305031120.379437 1.30128 0.651864 1.4087 0.689795 0.63001 -0.272832 -0.229857
1305031120.547736 1.22616 0.661689 1.44822 0.684372 0.623581 -0.292888 -0.238743
1305031120.714522 1.16265 0.669999 1.47374 0.679817 0.619347 -0.312915 -0.237365
1305031120.883435 1.09841 0.67916 1.51297 0.674555 0.621607 -0.318094 -0.239575
1305031121.047498 1.05163 0.680054 1.55351 0.671215 0.623665 -0.31475 -0.247882
1305031121.211420 0.988119 0.685992 1.60123 0.666736 0.624628 -0.319983 -0.250826
1305031121.383226 0.923048 0.689094 1.64698 0.666284 0.622056 -0.325503 -0.251315
1305031121.547270 0.868022 0.693301 1.68224 0.667705 0.615613 -0.328916 -0.258854
1305031121.714520 0.82802 0.70372 1.72066 0.671561 0.615028 -0.318352 -0.263436
1305031121.882060 0.803889 0.712324 1.72699 0.681327 0.608459 -0.319943 -0.251413
1305031122.047306 0.819406 0.708305 1.71352 0.676554 0.612752 -0.321038 -0.252477
1305031122.214959 0.891803 0.693529 1.67131 0.66496 0.622877 -0.309875 -0.271716
1305031122.382630 0.987492 0.675659 1.62702 0.660848 0.639041 -0.293047 -0.262736
1305031122.551490 1.0701 0.663051 1.58177 0.654397 0.650249 -0.294053 -0.249946
1305031122.715208 1.13818 0.649154 1.54237 0.65529 0.64958 -0.29638 -0.246577
1305031122.883754 1.21444 0.652451 1.48451 0.657583 0.651437 -0.287825 -0.245706
1305031123.051827 1.2635 0.649143 1.44767 0.664268 0.647942 -0.288702 -0.235733
1305031123.214704 1.32997 0.645718 1.39177 0.669519 0.645145 -0.282927 -0.235551
1305031123.382255 1.39766 0.651086 1.32646 0.680822 0.64208 -0.268801 -0.227949
1305031123.551513 1.44735 0.650768 1.28206 0.691433 0.634858 -0.266113 -0.219223
1305031123.711323 1.48887 0.653724 1.23557 0.698063 0.631122 -0.261106 -0.214982
1305031123.883786 1.49924 0.658823 1.23284 0.701764 0.630797 -0.261446 -0.203149
1305031124.051505 1.47363 0.658397 1.25335 0.69747 0.631719 -0.271401 -0.202011
1305031124.211396 1.41357 0.669343 1.29328 0.687642 0.636643 -0.281689 -0.206119
1305031124.382420 1.35852 0.672664 1.33763 0.67808 0.640099 -0.294982 -0.208487
1305031124.550437 1.28944 0.676838 1.39324 0.666871 0.641166 -0.307009 -0.223462
1305031124.711251 1.215 0.680404 1.44444 0.654822 0.64452 -0.317251 -0.234849
1305031124.879355 1.13466 0.687801 1.49109 0.649295 0.645851 -0.323 -0.238669
1305031125.050763 1.06239 0.689957 1.52865 0.650083 0.641664 -0.328112 -0.240835
1305031125.211320 1.00362 0.693091 1.56369 0.653426 0.638633 -0.327786 -0.240287
1305031125.379401 0.952307 0.697339 1.59304 0.648126 0.640279 -0.326026 -0.252353
1305031125.551020 0.928938 0.706063 1.61076 0.654702 0.636751 -0.310638 -0.263472
1305031125.711443 0.92791 0.697718 1.62426 0.654825 0.633104 -0.315471 -0.266198
1305031125.879318 0.981194 0.690958 1.59167 0.649826 0.634967 -0.316075 -0.273203
1305031126.047324 1.04551 0.682402 1.54482 0.645526 0.643484 -0.32556 -0.251466
1305031126.211319 1.11752 0.684372 1.48914 0.651526 0.647533 -0.315052 -0.238659
1305031126.379423 1.19128 0.685508 1.43491 0.65722 0.650782 -0.297457 -0.236779
1305031126.547374 1.25814 0.684029 1.38993 0.662575 0.653276 -0.289967 -0.223929
1305031126.711583 1.30284 0.689943 1.35722 0.674793 0.648085 -0.283181 -0.210828
1305031126.879357 1.32559 0.695924 1.33933 0.682221 0.640639 -0.282349 -0.210799
1305031127.047297 1.33205 0.69809 1.33925 0.684331 0.638059 -0.283933 -0.209652
1305031127.211700 1.3198 0.696735 1.34821 0.680644 0.64058 -0.290448 -0.204989
1305031127.379262 1.297 0.696009 1.36151 0.676774 0.642048 -0.294077 -0.208013
1305031127.547348 1.27928 0.694017 1.37101 0.673268 0.645427 -0.295391 -0.207071
1305031127.711375 1.27267 0.6903 1.37212 0.672584 0.644502 -0.298207 -0.208134
1305031127.879380 1.26646 0.689554 1.37791 0.67121 0.646084 -0.29779 -0.208262
1305031128.047369 1.26033 0.690283 1.37518 0.671017 0.648202 -0.296495 -0.204109
1305031128.211447 1.24774 0.692171 1.37866 0.673151 0.645199 -0.2997 -0.201904
1305031128.379404 1.24573 0.690787 1.38196 0.671581 0.64698 -0.298804 -0.202759
1305031128.547399 1.24394 0.690544 1.38582 0.669338 0.649264 -0.296796 -0.205804
1305031128.711457 1.2398 0.690015 1.39156 0.667661 0.649915 -0.298502 -0.206727
