1305031102.175304 1.3405 0.6266 1.6575 0.657428 0.612626 -0.294913 -0.324814
1305031102.375329 1.28464 0.631078 1.60226 0.66142 0.622949 -0.292226 -0.298433
1305031102.575286 1.22502 0.637827 1.54876 0.663597 0.63642 -0.278309 -0.277764
1305031102.775472 1.17796 0.637383 1.48286 0.666676 0.631461 -0.279881 -0.280119
1305031102.975203 1.13878 0.614179 1.43273 0.665428 0.633828 -0.267095 -0.290048
1305031103.143318 1.10668 0.623698 1.37835 0.666778 0.632226 -0.283475 -0.274478
1305031103.343223 1.08242 0.626385 1.34473 0.675726 0.638911 -0.277454 -0.241261
1305031103.511333 1.08256 0.626543 1.36668 0.675187 0.642073 -0.276783 -0.235066
1305031103.675523 1.10919 0.627355 1.41732 0.667397 0.64118 -0.294771 -0.237865
1305031103.843251 1.15339 0.626654 1.47485 0.659975 0.646404 -0.293243 -0.246178
1305031104.011232 1.17643 0.640407 1.54531 0.651742 0.655973 -0.298932 -0.235737
1305031104.175424 1.22421 0.642637 1.60451 0.646985 0.648891 -0.296422 -0.269229
1305031104.343342 1.26596 0.644399 1.65147 0.644383 0.639827 -0.29958 -0.292651
1305031104.511329 1.30184 0.627514 1.69975 0.648912 0.634386 -0.294223 -0.299836
1305031104.675525 1.32635 0.655978 1.72925 0.643383 0.614077 -0.315616 -0.330687
1305031104.843258 1.37982 0.651138 1.74982 0.638238 0.57455 -0.332314 -0.390014
1305031105.011290 1.39469 0.649894 1.72134 0.640791 0.565445 -0.337446 -0.394701
1305031105.175159 1.36283 0.643364 1.67157 0.645027 0.587301 -0.318644 -0.370789
1305031105.343302 1.29882 0.633605 1.63178 0.651932 0.616527 -0.304048 -0.320054
1305031105.511332 1.24659 0.631937 1.57987 0.652351 0.630357 -0.302615 -0.292424
1305031105.711309 1.17233 0.643521 1.52229 0.658654 0.632489 -0.299233 -0.276752
1305031105.875337 1.13014 0.654624 1.46031 0.665237 0.621318 -0.292884 -0.292648
1305031106.043355 1.09253 0.659078 1.4024 0.681948 0.61433 -0.276613 -0.28466
1305031106.211275 1.05843 0.654134 1.35367 0.692252 0.616432 -0.26623 -0.264424
1305031106.375388 1.04959 0.655903 1.31898 0.696815 0.620393 -0.262611 -0.246163
1305031106.543302 1.0513 0.644441 1.34321 0.689364 0.630767 -0.251277 -0.252529
1305031106.711508 1.08847 0.637367 1.39407 0.679509 0.638849 -0.261518 -0.248491
1305031106.875905 1.13171 0.643814 1.45803 0.666543 0.648326 -0.280927 -0.237644
1305031107.043281 1.18906 0.637151 1.52576 0.653371 0.652439 -0.279728 -0.263023
1305031107.211358 1.2337 0.641411 1.58748 0.647166 0.648518 -0.288054 -0.278611
1305031107.375413 1.27853 0.649412 1.62519 0.638995 0.631297 -0.303308 -0.318046
1305031107.543605 1.29898 0.660091 1.63459 0.641952 0.618504 -0.300844 -0.338886
1305031107.711307 1.29993 0.66607 1.62386 0.649468 0.613416 -0.297546 -0.336717
1305031107.875358 1.29284 0.672019 1.61175 0.648487 0.621944 -0.293334 -0.326504
1305031108.043418 1.28354 0.718708 1.60204 0.647899 0.614612 -0.288256 -0.345525
1305031108.211475 1.27285 0.768365 1.5781 0.65944 0.600303 -0.275528 -0.358969
1305031108.375410 1.2639 0.822333 1.55263 0.668759 0.598396 -0.266587 -0.351591
1305031108.543737 1.25109 0.908671 1.54704 0.686173 0.58602 -0.270371 -0.33563
1305031108.711411 1.26905 0.973852 1.53678 0.698533 0.570253 -0.257373 -0.347307
1305031108.876515 1.26963 1.00035 1.53882 0.713427 0.553406 -0.256929 -0.344603
1305031109.043277 1.27786 0.986881 1.54544 0.705479 0.555227 -0.27666 -0.342755
1305031109.211379 1.29154 0.932195 1.5383 0.695826 0.571945 -0.279344 -0.332674
1305031109.375397 1.28514 0.859155 1.56648 0.699199 0.582655 -0.288942 -0.296894
1305031109.543294 1.28849 0.793394 1.57138 0.683816 0.602082 -0.293268 -0.289632
1305031109.711312 1.30003 0.723196 1.5721 0.681904 0.60611 -0.293953 -0.285007
1305031109.875306 1.2942 0.652636 1.56938 0.681563 0.616519 -0.2884 -0.268704
1305031110.043299 1.28019 0.58878 1.56018 0.663437 0.642997 -0.281402 -0.259266
1305031110.211637 1.26783 0.523174 1.55662 0.653804 0.66073 -0.273248 -0.24761
1305031110.379281 1.2645 0.469813 1.56115 0.641735 0.669307 -0.288506 -0.23868
1305031110.543408 1.26999 0.410614 1.55296 0.620171 0.69131 -0.298706 -0.219668
1305031110.711412 1.26464 0.371621 1.54612 0.606543 0.70781 -0.297735 -0.206069
1305031110.879313 1.26334 0.358708 1.54635 0.600216 0.714267 -0.299176 -0.200145
1305031111.043327 1.26386 0.393071 1.54135 0.602851 0.712445 -0.2978 -0.20077
1305031111.211433 1.26262 0.442189 1.53975 0.615567 0.701147 -0.291126 -0.211461
1305031111.379134 1.25604 0.491818 1.53961 0.622784 0.692592 -0.293417 -0.215323
1305031111.543250 1.25394 0.570025 1.53631 0.621204 0.686622 -0.295362 -0.23541
1305031111.711760 1.25703 0.643242 1.53052 0.645729 0.656706 -0.296607 -0.252578
1305031111.879442 1.25933 0.699094 1.52499 0.670145 0.624595 -0.269131 -0.297245
1305031112.043270 1.25474 0.774331 1.51299 0.682156 0.604868 -0.276952 -0.303473
1305031112.211254 1.24599 0.831484 1.5047 0.682238 0.600965 -0.239471 -0.340655
1305031112.379360 1.25017 0.886387 1.50891 0.675188 0.58887 -0.245401 -0.370313
1305031112.543212 1.25991 0.946672 1.51924 0.68742 0.569126 -0.273715 -0.35865
1305031112.711251 1.27609 1.00088 1.52033 0.705406 0.550041 -0.276775 -0.351074
1305031112.879421 1.26436 0.973323 1.50579 0.714547 0.55232 -0.260302 -0.341479
1305031113.043231 1.2608 0.93665 1.50343 0.711352 0.564315 -0.263625 -0.325621
1305031113.211259 1.2495 0.864073 1.51688 0.704307 0.576415 -0.264147 -0.319256
1305031113.379312 1.24567 0.790027 1.52206 0.695631 0.585547 -0.291723 -0.296866
1305031113.543242 1.23821 0.713309 1.53622 0.679995 0.608501 -0.302469 -0.275403
1305031113.711931 1.231 0.644426 1.53219 0.665988 0.626912 -0.297521 -0.27372
1305031113.879281 1.22123 0.571779 1.53772 0.656058 0.636849 -0.284812 -0.287911
1305031114.043301 1.22389 0.494921 1.53705 0.642851 0.641357 -0.2865 -0.305487
1305031114.211303 1.2252 0.436514 1.52956 0.625833 0.651152 -0.303469 -0.303711
1305031114.379320 1.21428 0.380158 1.5279 0.6115 0.667499 -0.312684 -0.287648
1305031114.543236 1.20614 0.339842 1.52331 0.598323 0.680008 -0.326234 -0.270499
1305031114.711306 1.1943 0.318362 1.52458 0.601846 0.683193 -0.329798 -0.249524
1305031114.879281 1.20117 0.329439 1.52178 0.591551 0.689581 -0.335104 -0.249502
1305031115.043508 1.20241 0.368362 1.51177 0.593796 0.695061 -0.324492 -0.242903
1305031115.211374 1.19177 0.427296 1.50497 0.608216 0.688798 -0.307502 -0.247129
1305031115.379166 1.19489 0.49032 1.48996 0.628921 0.665894 -0.301864 -0.264426
1305031115.543604 1.17143 0.600706 1.45772 0.647586 0.654183 -0.305993 -0.242994
1305031115.711320 1.17906 0.672126 1.46373 0.67845 0.620315 -0.299984 -0.254804
1305031115.879198 1.17884 0.742735 1.45812 0.711536 0.583146 -0.283519 -0.270694
1305031116.043164 1.18354 0.826692 1.44027 0.732529 0.559981 -0.269169 -0.278154
1305031116.211299 1.18398 0.957821 1.42443 0.749652 0.553845 -0.25659 -0.255812
1305031116.379384 1.16014 1.07937 1.4473 0.766263 0.546378 -0.249376 -0.228307
1305031116.543262 1.17802 1.0021 1.44467 0.772267 0.527975 -0.235163 -0.263713
1305031116.711634 1.19581 0.859476 1.41915 0.746015 0.545489 -0.231641 -0.303721
1305031116.880165 1.19598 0.735226 1.41456 0.717222 0.578953 -0.228109 -0.313644
1305031117.043261 1.20869 0.642464 1.43639 0.680951 0.622808 -0.249519 -0.293523
1305031117.211361 1.20803 0.589462 1.41637 0.658665 0.650112 -0.270771 -0.26495
1305031117.379454 1.19337 0.582237 1.41854 0.656031 0.660709 -0.259961 -0.255947
1305031117.544285 1.17936 0.580094 1.44231 0.654257 0.655599 -0.274 -0.258963
1305031117.711184 1.14965 0.579557 1.46593 0.651546 0.65555 -0.284675 -0.254367
1305031117.879451 1.10525 0.589432 1.48798 0.65456 0.650694 -0.293437 -0.249085
1305031118.043521 1.055 0.586522 1.5143 0.657151 0.649687 -0.28625 -0.253218
1305031118.211202 1.0056 0.583606 1.54336 0.657763 0.647375 -0.27622 -0.268245
1305031118.379208 0.971785 0.584597 1.56657 0.649902 0.642766 -0.288805 -0.28473
1305031118.544414 0.96912 0.591655 1.55465 0.650044 0.636941 -0.299643 -0.286292
1305031118.711421 0.989486 0.586637 1.53514 0.64799 0.642879 -0.287741 -0.289863
1305031118.879208 1.04402 0.59041 1.50023 0.643316 0.645071 -0.295166 -0.287932
1305031119.047172 1.09814 0.577668 1.4793 0.639977 0.654 -0.281635 -0.288782
1305031119.211364 1.15313 0.572372 1.45798 0.63639 0.656376 -0.293275 -0.279587
1305031119.379239 1.20662 0.566484 1.42546 0.636895 0.652392 -0.302621 -0.277794
1305031119.547382 1.25127 0.563214 1.39252 0.64046 0.649916 -0.298475 -0.279879
1305031119.715232 1.28941 0.558486 1.35062 0.650366 0.650167 -0.281263 -0.274224
1305031119.879214 1.31504 0.557445 1.31863 0.664581 0.642862 -0.278229 -0.260095
1305031120.047290 1.34255 0.547808 1.29381 0.675685 0.640742 -0.259983 -0.255557
1305031120.215249 1.33043 0.558906 1.30135 0.679022 0.638771 -0.267161 -0.243979
1305031120.379437 1.29812 0.563178 1.33194 0.670891 0.641693 -0.270439 -0.254947
1305031120.547736 1.25059 0.57029 1.36439 0.662909 0.634352 -0.294372 -0.267384
1305031120.714522 1.2075 0.581053 1.38547 0.657826 0.628956 -0.317407 -0.26633
1305031120.883435 1.16459 0.589942 1.41099 0.651643 0.630744 -0.325542 -0.267482
1305031121.047498 1.13146 0.586615 1.43912 0.646112 0.63389 -0.32377 -0.275491
1305031121.211420 1.09028 0.592961 1.47276 0.640755 0.634292 -0.33191 -0.277387
1305031121.383226 1.04748 0.595639 1.50641 0.640356 0.630958 -0.338379 -0.278093
1305031121.547270 1.01482 0.596835 1.52971 0.640273 0.624788 -0.342234 -0.287344
1305031121.714520 0.977209 0.593565 1.55906 0.643272 0.6258 -0.329026 -0.293796
1305031121.882060 0.953397 0.597597 1.57084 0.656047 0.618679 -0.325309 -0.284628
1305031122.047306 0.96585 0.600314 1.55725 0.650823 0.622776 -0.32918 -0.28323
1305031122.214959 1.02053 0.586964 1.51371 0.634224 0.635088 -0.323261 -0.299878
1305031122.382630 1.06791 0.572591 1.48829 0.631199 0.653485 -0.304897 -0.285626
1305031122.551490 1.11525 0.574167 1.46434 0.627338 0.664117 -0.309133 -0.264258
1305031122.715208 1.16469 0.564089 1.44222 0.629267 0.662738 -0.311121 -0.260779
1305031122.883754 1.20715 0.565911 1.40193 0.632537 0.66598 -0.299129 -0.25863
1305031123.051827 1.2361 0.562743 1.38123 0.643044 0.661047 -0.295011 -0.24996
1305031123.214704 1.27661 0.559651 1.34275 0.650323 0.658645 -0.284525 -0.249625
1305031123.382255 1.30484 0.561538 1.2996 0.667423 0.655982 -0.257646 -0.240526
1305031123.551513 1.33353 0.563732 1.27349 0.682975 0.647301 -0.246331 -0.232093
1305031123.711323 1.35523 0.570895 1.24442 0.693503 0.643743 -0.233124 -0.224281
1305031123.883786 1.36822 0.570742 1.23363 0.700537 0.637364 -0.235052 -0.218553
1305031124.051505 1.35131 0.570307 1.25104 0.695681 0.637884 -0.247827 -0.218432
1305031124.211396 1.30901 0.579606 1.28154 0.683458 0.643199 -0.263345 -0.223224
1305031124.382420 1.27331 0.583168 1.31561 0.671784 0.645989 -0.282981 -0.226552
1305031124.550437 1.2365 0.584023 1.35718 0.655682 0.646829 -0.302319 -0.245553
1305031124.711251 1.19039 0.589042 1.39332 0.639873 0.65012 -0.319328 -0.25678
1305031124.879355 1.13254 0.597285 1.42543 0.63292 0.651013 -0.328385 -0.260303
1305031125.050763 1.08135 0.598009 1.4521 0.633359 0.646181 -0.33379 -0.264368
1305031125.211320 1.03469 0.597458 1.47971 0.636997 0.64313 -0.331908 -0.265435
1305031125.379401 0.998823 0.600321 1.49729 0.629053 0.645613 -0.33275 -0.277046
1305031125.551020 0.974911 0.596025 1.51113 0.633649 0.644445 -0.313186 -0.291708
1305031125.711443 0.980833 0.58684 1.52512 0.633284 0.640414 -0.318316 -0.295797
1305031125.879318 1.02858 0.584667 1.49525 0.626752 0.642054 -0.322266 -0.301818
1305031126.047324 1.07212 0.589608 1.46013 0.626661 0.648249 -0.334079 -0.2747
1305031126.211319 1.11179 0.591481 1.41837 0.635767 0.653018 -0.319222 -0.259738
1305031126.379423 1.15478 0.588764 1.37682 0.642541 0.658541 -0.296216 -0.256361
1305031126.547374 1.19466 0.589663 1.3439 0.651146 0.661187 -0.284704 -0.240382
1305031126.711583 1.21951 0.595341 1.32261 0.667366 0.655564 -0.270818 -0.226974
1305031126.879357 1.24033 0.600224 1.31169 0.675857 0.647586 -0.266719 -0.229585
1305031127.047297 1.24646 0.602674 1.31357 0.678288 0.644644 -0.267924 -0.229296
1305031127.211700 1.23793 0.603113 1.31844 0.674804 0.646228 -0.277114 -0.224136
1305031127.379262 1.22388 0.601985 1.32733 0.669785 0.647667 -0.282913 -0.227763
1305031127.547348 1.20908 0.600668 1.3322 0.665952 0.65103 -0.285854 -0.225735
1305031127.711375 1.20659 0.598204 1.33237 0.664943 0.649981 -0.289465 -0.227124
1305031127.879380 1.20091 0.597028 1.33667 0.663377 0.651678 -0.289452 -0.226859
1305031128.047369 1.19194 0.599318 1.33197 0.663969 0.653723 -0.288039 -0.220963
1305031128.211447 1.18363 0.601796 1.33485 0.666699 0.650149 -0.290753 -0.219728
1305031128.379404 1.18134 0.600143 1.3372 0.664777 0.652184 -0.290341 -0.220066
1305031128.547399 1.17964 0.599039 1.33988 0.661728 0.654978 -0.289048 -0.222645
1305031128.711457 1.17749 0.599245 1.34508 0.659721 0.655611 -0.29176 -0.223202
