1305031102.175304 1.3405 0.6266 1.6575 0.657428 0.612626 -0.294913 -0.324814
1305031102.375329 1.28479 0.630286 1.6028 0.661513 0.622922 -0.291864 -0.298637
1305031102.575286 1.22527 0.636434 1.54855 0.663777 0.636206 -0.27784 -0.278293
1305031102.775472 1.17743 0.63494 1.48438 0.666947 0.631499 -0.278394 -0.280869
1305031102.975203 1.13734 0.613756 1.43455 0.665769 0.634072 -0.265783 -0.289938
1305031103.143318 1.10481 0.623506 1.38194 0.667422 0.632654 -0.281511 -0.273949
1305031103.343223 1.08081 0.626105 1.34892 0.676491 0.639307 -0.275202 -0.240646
1305031103.511333 1.08144 0.626245 1.3701 0.675912 0.642265 -0.274944 -0.234616
1305031103.675523 1.10832 0.627556 1.41908 0.668097 0.641086 -0.293831 -0.237316
1305031103.843251 1.15266 0.626208 1.47578 0.660616 0.646236 -0.292416 -0.245885
1305031104.011232 1.17714 0.637922 1.54489 0.652197 0.655592 -0.298175 -0.236497
1305031104.175424 1.22458 0.640156 1.6031 0.647446 0.648439 -0.295775 -0.269924
1305031104.343342 1.26615 0.642751 1.64865 0.644822 0.639218 -0.299443 -0.293152
1305031104.511329 1.30221 0.627845 1.69533 0.649092 0.633813 -0.294876 -0.300014
1305031104.675525 1.32712 0.651575 1.72515 0.643616 0.613199 -0.315146 -0.332308
1305031104.843258 1.37675 0.647602 1.75194 0.638668 0.574739 -0.330628 -0.390466
1305031105.011290 1.39071 0.646252 1.72705 0.641385 0.566223 -0.334987 -0.394717
1305031105.175159 1.35819 0.641561 1.68179 0.646009 0.588779 -0.31531 -0.369582
1305031105.343302 1.29284 0.631438 1.64249 0.652687 0.61846 -0.300023 -0.31858
1305031105.511332 1.24084 0.629146 1.58988 0.652989 0.632268 -0.298318 -0.291288
1305031105.711309 1.16687 0.639975 1.53051 0.659351 0.634025 -0.294962 -0.276162
1305031105.875337 1.12441 0.649107 1.46728 0.665627 0.622965 -0.288009 -0.293097
1305031106.043355 1.08682 0.652413 1.40884 0.682084 0.616101 -0.271081 -0.285824
1305031106.211275 1.05301 0.648643 1.36045 0.692624 0.618158 -0.260648 -0.264981
1305031106.375388 1.04417 0.649202 1.32488 0.696794 0.62236 -0.256399 -0.247803
1305031106.543302 1.04581 0.637956 1.34915 0.689366 0.632642 -0.245195 -0.253807
1305031106.711508 1.08238 0.630469 1.39993 0.679615 0.640752 -0.255431 -0.249631
1305031106.875905 1.12491 0.633874 1.46367 0.666587 0.650431 -0.273992 -0.239855
1305031107.043281 1.1818 0.627151 1.53136 0.653186 0.654606 -0.2731 -0.265057
1305031107.211358 1.22662 0.629515 1.59269 0.646761 0.650653 -0.281423 -0.281339
1305031107.375413 1.2712 0.636342 1.63177 0.638459 0.633624 -0.29647 -0.32093
1305031107.543605 1.29185 0.645647 1.6436 0.641256 0.621126 -0.293247 -0.342053
1305031107.711307 1.29225 0.651194 1.63409 0.648854 0.616176 -0.289474 -0.339883
1305031107.875358 1.28498 0.656774 1.62231 0.647923 0.624712 -0.28497 -0.329732
1305031108.043418 1.276 0.703196 1.61082 0.647279 0.61685 -0.280406 -0.349139
1305031108.211475 1.26583 0.754198 1.58833 0.65881 0.602434 -0.267694 -0.362467
1305031108.375410 1.25679 0.8085 1.56307 0.668161 0.600371 -0.258607 -0.355298
1305031108.543737 1.24415 0.895337 1.55754 0.685608 0.587858 -0.262638 -0.339685
1305031108.711411 1.26262 0.963673 1.54388 0.697698 0.571412 -0.250685 -0.35194
1305031108.876515 1.26098 0.98546 1.54578 0.712764 0.554449 -0.248723 -0.350273
1305031109.043277 1.2695 0.971067 1.55371 0.704976 0.556606 -0.268274 -0.348177
1305031109.211379 1.28224 0.916782 1.54347 0.695486 0.573036 -0.271325 -0.3381
1305031109.375397 1.27497 0.845246 1.5693 0.698971 0.58394 -0.281385 -0.302119
1305031109.543294 1.27791 0.780103 1.57335 0.683707 0.603471 -0.285593 -0.294625
1305031109.711312 1.28849 0.710534 1.57111 0.681645 0.607507 -0.286674 -0.290023
1305031109.875306 1.28225 0.641537 1.568 0.681415 0.618072 -0.281059 -0.273249
1305031110.043299 1.2679 0.578112 1.55758 0.663297 0.644591 -0.273902 -0.263659
1305031110.211637 1.25516 0.513212 1.55329 0.653663 0.662428 -0.265576 -0.251759
1305031110.379281 1.25134 0.459755 1.5567 0.641773 0.671069 -0.280712 -0.242888
1305031110.543408 1.25632 0.399542 1.54612 0.620526 0.692913 -0.290709 -0.224293
1305031110.711412 1.25068 0.360365 1.53917 0.607094 0.709484 -0.289369 -0.210559
1305031110.879313 1.24907 0.348948 1.53853 0.600612 0.71602 -0.291344 -0.204203
1305031111.043327 1.25009 0.382687 1.53521 0.603421 0.714158 -0.289629 -0.204881
1305031111.211433 1.24954 0.431069 1.53576 0.616214 0.702779 -0.282536 -0.215769
1305031111.379134 1.24351 0.480792 1.53796 0.623575 0.694246 -0.284596 -0.219503
1305031111.543250 1.24202 0.559554 1.53616 0.621695 0.688408 -0.286692 -0.23958
1305031111.711760 1.24632 0.631681 1.53257 0.646071 0.658521 -0.287413 -0.257559
1305031111.879442 1.24965 0.689024 1.52852 0.669729 0.626377 -0.260222 -0.302323
1305031112.043270 1.24624 0.767095 1.51946 0.681694 0.607007 -0.268218 -0.308052
1305031112.211254 1.2382 0.830945 1.51466 0.681091 0.603767 -0.23164 -0.3434
1305031112.379360 1.24283 0.887919 1.51575 0.673503 0.591435 -0.238902 -0.373531
1305031112.543212 1.25166 0.94932 1.52274 0.686051 0.571193 -0.268004 -0.362279
1305031112.711251 1.26557 0.99997 1.51992 0.704123 0.551604 -0.270391 -0.356135
1305031112.879421 1.25746 0.981219 1.5069 0.713408 0.553603 -0.256906 -0.344342
1305031113.043231 1.25277 0.943106 1.50676 0.710384 0.566173 -0.258914 -0.328279
1305031113.211259 1.24386 0.874032 1.52096 0.703227 0.578392 -0.260487 -0.321064
1305031113.379312 1.24052 0.797151 1.52424 0.694976 0.586858 -0.287551 -0.299868
1305031113.543242 1.2314 0.71838 1.53386 0.679237 0.609564 -0.29838 -0.279352
1305031113.711931 1.22401 0.648475 1.52913 0.665185 0.627959 -0.293225 -0.277876
1305031113.879281 1.21439 0.574304 1.53482 0.655216 0.637801 -0.280081 -0.29233
1305031114.043301 1.21738 0.495523 1.53323 0.641951 0.642093 -0.281474 -0.310465
1305031114.211303 1.2174 0.43505 1.5217 0.624922 0.651629 -0.298663 -0.309279
1305031114.379320 1.20554 0.378736 1.51659 0.610474 0.667918 -0.308451 -0.293369
1305031114.543236 1.19655 0.338313 1.50976 0.597301 0.680462 -0.322312 -0.276258
1305031114.711306 1.1841 0.317216 1.50945 0.600707 0.683795 -0.326171 -0.255319
1305031114.879281 1.19095 0.328376 1.50711 0.59051 0.690177 -0.33146 -0.255124
1305031115.043508 1.1925 0.368023 1.49882 0.592889 0.695672 -0.32084 -0.248162
1305031115.211374 1.1827 0.426083 1.49403 0.607494 0.689269 -0.303301 -0.25272
1305031115.379166 1.1872 0.486494 1.48205 0.628422 0.666179 -0.296449 -0.270941
1305031115.543604 1.16574 0.602501 1.45703 0.647478 0.655083 -0.300265 -0.24795
1305031115.711320 1.17397 0.675139 1.46361 0.678049 0.621244 -0.294435 -0.260027
1305031115.879198 1.17435 0.750017 1.45899 0.7109 0.58412 -0.278913 -0.275014
1305031116.043164 1.18039 0.835759 1.44449 0.732404 0.560609 -0.263888 -0.28225
1305031116.211299 1.1805 0.930405 1.43478 0.752781 0.549488 -0.23999 -0.271639
1305031116.379384 1.16458 1.01 1.45736 0.771184 0.535519 -0.223253 -0.262018
1305031116.543262 1.17579 0.928873 1.44401 0.775594 0.515513 -0.20767 -0.299289
1305031116.711634 1.1903 0.847132 1.43407 0.748182 0.543473 -0.217786 -0.312139
1305031116.880165 1.18452 0.736735 1.43444 0.718607 0.581524 -0.21514 -0.314878
1305031117.043261 1.19473 0.645595 1.44497 0.679948 0.626707 -0.239176 -0.296148
1305031117.211361 1.19263 0.595084 1.42428 0.65739 0.655012 -0.260632 -0.266212
1305031117.379454 1.17788 0.587919 1.42609 0.654759 0.665404 -0.249863 -0.257094
1305031117.544285 1.16315 0.585514 1.44939 0.653218 0.660311 -0.264071 -0.259927
1305031117.711184 1.13284 0.584456 1.4726 0.650607 0.66036 -0.274706 -0.255288
1305031117.879451 1.08755 0.593956 1.49443 0.653771 0.655627 -0.28339 -0.249853
1305031118.043521 1.0366 0.590659 1.5205 0.656392 0.6546 -0.276141 -0.253761
1305031118.211202 0.986291 0.587648 1.54953 0.656949 0.652348 -0.266097 -0.268424
1305031118.379208 0.951439 0.588505 1.57266 0.6491 0.648045 -0.278756 -0.284607
1305031118.544414 0.948997 0.593866 1.56136 0.64939 0.642307 -0.289034 -0.286696
1305031118.711421 0.969923 0.589698 1.54188 0.647128 0.648179 -0.277296 -0.290166
1305031118.879208 1.02616 0.593912 1.5061 0.642484 0.650035 -0.285215 -0.288654
1305031119.047172 1.08141 0.581911 1.48477 0.639008 0.658642 -0.272016 -0.289596
1305031119.211364 1.13686 0.57794 1.46258 0.635709 0.660766 -0.284193 -0.280173
1305031119.379239 1.19106 0.573438 1.42903 0.636434 0.6565 -0.294196 -0.278224
1305031119.547382 1.2367 0.571143 1.39558 0.639984 0.653812 -0.290478 -0.280308
1305031119.715232 1.27549 0.566911 1.3543 0.649932 0.653962 -0.273016 -0.274564
1305031119.879214 1.30244 0.566216 1.32162 0.66399 0.646539 -0.270215 -0.260938
1305031120.047290 1.33136 0.556392 1.29698 0.674805 0.644357 -0.2518 -0.256981
1305031120.215249 1.31859 0.567595 1.30379 0.678223 0.642364 -0.259196 -0.245357
1305031120.379437 1.28491 0.572262 1.33445 0.670233 0.645363 -0.262618 -0.255591
1305031120.547736 1.23623 0.579556 1.36597 0.662514 0.638006 -0.287051 -0.267629
1305031120.714522 1.19212 0.590416 1.38664 0.657704 0.63269 -0.310241 -0.26623
1305031120.883435 1.14803 0.59869 1.41265 0.651532 0.634701 -0.318098 -0.267347
1305031121.047498 1.1138 0.594405 1.44169 0.645965 0.638089 -0.315854 -0.275333
1305031121.211420 1.07108 0.599685 1.47648 0.640651 0.638892 -0.323401 -0.277118
1305031121.383226 1.02725 0.601442 1.51058 0.64026 0.635803 -0.329567 -0.277864
1305031121.547270 0.994244 0.60235 1.53348 0.640152 0.629651 -0.333601 -0.287151
1305031121.714520 0.956025 0.598385 1.56301 0.643007 0.630693 -0.320238 -0.293625
1305031121.882060 0.932671 0.602285 1.57349 0.655782 0.623289 -0.31685 -0.284721
1305031122.047306 0.944222 0.605018 1.56187 0.650699 0.627759 -0.32008 -0.282946
1305031122.214959 1.00066 0.59236 1.51727 0.634042 0.639659 -0.314678 -0.299675
1305031122.382630 1.04919 0.578162 1.49102 0.63103 0.657627 -0.29632 -0.28552
1305031122.551490 1.09826 0.580622 1.4654 0.627292 0.667815 -0.301087 -0.264337
1305031122.715208 1.14892 0.570989 1.4421 0.629185 0.666226 -0.303448 -0.261129
1305031122.883754 1.19248 0.574315 1.40146 0.63252 0.669181 -0.291931 -0.258635
1305031123.051827 1.22223 0.57155 1.37989 0.64293 0.66413 -0.28809 -0.250152
1305031123.214704 1.26415 0.569444 1.34033 0.650188 0.661383 -0.278242 -0.24982
1305031123.382255 1.29401 0.571914 1.29664 0.666953 0.658599 -0.251666 -0.241009
1305031123.551513 1.32425 0.573282 1.26982 0.682102 0.649888 -0.24039 -0.233656
1305031123.711323 1.35021 0.57995 1.2373 0.691962 0.645624 -0.228777 -0.228077
1305031123.883786 1.35209 0.58511 1.23578 0.6992 0.64265 -0.226877 -0.21598
1305031124.051505 1.33338 0.585435 1.25372 0.694662 0.643373 -0.239557 -0.214775
1305031124.211396 1.2885 0.595282 1.28427 0.682721 0.648944 -0.255057 -0.218427
1305031124.382420 1.25085 0.59898 1.31803 0.671392 0.651837 -0.274759 -0.221018
1305031124.550437 1.21128 0.599812 1.36027 0.655779 0.653052 -0.293854 -0.239013
1305031124.711251 1.16344 0.604318 1.39621 0.640228 0.656568 -0.310812 -0.249847
1305031124.879355 1.10418 0.611572 1.42793 0.633288 0.657754 -0.319593 -0.253311
1305031125.050763 1.05188 0.611561 1.45423 0.633774 0.653186 -0.324745 -0.257329
1305031125.211320 1.00374 0.609908 1.48239 0.637387 0.650531 -0.322196 -0.258335
1305031125.379401 0.966892 0.612132 1.50006 0.629462 0.653264 -0.322884 -0.269759
1305031125.551020 0.942648 0.606395 1.51375 0.633675 0.652331 -0.302969 -0.284833
1305031125.711443 0.948388 0.598517 1.52665 0.633275 0.648258 -0.30879 -0.288743
1305031125.879318 0.997261 0.596807 1.49767 0.626893 0.649775 -0.312886 -0.294789
1305031126.047324 1.04245 0.603688 1.46209 0.627087 0.655314 -0.325294 -0.26741
1305031126.211319 1.08402 0.606253 1.42055 0.635962 0.659838 -0.31041 -0.252611
1305031126.379423 1.12906 0.604312 1.37876 0.642369 0.665095 -0.2877 -0.249478
1305031126.547374 1.17027 0.605573 1.34637 0.65077 0.667591 -0.276011 -0.233749
1305031126.711583 1.19545 0.611731 1.32559 0.666686 0.662082 -0.261864 -0.220465
1305031126.879357 1.21559 0.616935 1.31565 0.675165 0.654392 -0.257411 -0.222852
1305031127.047297 1.22109 0.619808 1.31841 0.677695 0.65162 -0.258387 -0.222167
1305031127.211700 1.21332 0.619585 1.32171 0.674253 0.652832 -0.268027 -0.217611
1305031127.379262 1.19931 0.618269 1.33031 0.669265 0.654266 -0.273946 -0.221302
1305031127.547348 1.18471 0.616814 1.33431 0.665461 0.657458 -0.277132 -0.219338
1305031127.711375 1.18205 0.614873 1.33434 0.664513 0.656428 -0.28093 -0.220463
1305031127.879380 1.17647 0.613465 1.33821 0.662908 0.658059 -0.281014 -0.220326
1305031128.047369 1.16791 0.615296 1.33329 0.663516 0.659966 -0.279491 -0.214653
1305031128.211447 1.15972 0.617409 1.33573 0.666279 0.656325 -0.282242 -0.213653
1305031128.379404 1.15735 0.616024 1.33794 0.664354 0.65833 -0.281962 -0.213853
1305031128.547399 1.15589 0.614941 1.34013 0.661265 0.661021 -0.280908 -0.216498
1305031128.711457 1.15413 0.614404 1.34445 0.65916 0.661538 -0.283764 -0.217609
