1305031102.175304 1.3405 0.6266 1.6575 0.657428 0.612626 -0.294913 -0.324814
1305031102.375329 1.28294 0.625571 1.60088 0.661 0.622867 -0.290966 -0.300758
1305031102.575286 1.21992 0.633953 1.54457 0.663144 0.6361 -0.277344 -0.280532
1305031102.775472 1.17024 0.634144 1.47428 0.665794 0.631204 -0.278889 -0.283761
1305031102.975203 1.1264 0.61667 1.42252 0.665011 0.633802 -0.267278 -0.290891
1305031103.143318 1.0928 0.625429 1.36426 0.665848 0.632225 -0.283458 -0.276749
1305031103.343223 1.06712 0.627292 1.33068 0.674854 0.638905 -0.276811 -0.244433
1305031103.511333 1.06719 0.627702 1.35436 0.674389 0.642102 -0.276336 -0.237787
1305031103.675523 1.09609 0.626517 1.41014 0.666521 0.64171 -0.293487 -0.240466
1305031103.843251 1.144 0.626138 1.46988 0.658955 0.646798 -0.292885 -0.248292
1305031104.011232 1.16881 0.6408 1.54953 0.650852 0.656898 -0.297946 -0.236865
1305031104.175424 1.21894 0.645442 1.60857 0.646129 0.649532 -0.296328 -0.269843
1305031104.343342 1.26254 0.648127 1.65757 0.643643 0.640569 -0.299311 -0.292932
1305031104.511329 1.30092 0.629823 1.70609 0.648078 0.634903 -0.294193 -0.300572
1305031104.675525 1.3248 0.654129 1.73827 0.643172 0.614883 -0.313205 -0.331891
1305031104.843258 1.37851 0.648611 1.75719 0.638724 0.575076 -0.32922 -0.391067
1305031105.011290 1.38712 0.640246 1.74263 0.641103 0.569109 -0.329223 -0.395871
1305031105.175159 1.36289 0.624688 1.68987 0.644558 0.588843 -0.310077 -0.376379
1305031105.343302 1.29805 0.618831 1.64898 0.652074 0.617497 -0.297004 -0.324479
1305031105.511332 1.24813 0.618081 1.60536 0.652697 0.632066 -0.294531 -0.296193
1305031105.711309 1.17882 0.631147 1.55574 0.659096 0.63476 -0.290309 -0.279987
1305031105.875337 1.14509 0.64161 1.51379 0.667252 0.624094 -0.281618 -0.29321
1305031106.043355 1.11334 0.644792 1.4683 0.68453 0.61735 -0.263467 -0.284399
1305031106.211275 1.08361 0.641036 1.43208 0.695367 0.620378 -0.250561 -0.262328
1305031106.375388 1.07534 0.642512 1.40455 0.700605 0.6243 -0.245719 -0.242949
1305031106.543302 1.07709 0.634042 1.42257 0.692015 0.634744 -0.23633 -0.249725
1305031106.711508 1.10951 0.632232 1.46479 0.682105 0.642216 -0.250155 -0.244362
1305031106.875905 1.1501 0.640001 1.51345 0.668659 0.649776 -0.274377 -0.23538
1305031107.043281 1.20112 0.636908 1.56949 0.654605 0.653644 -0.27559 -0.261326
1305031107.211358 1.23979 0.641583 1.62253 0.648319 0.649691 -0.28425 -0.277104
1305031107.375413 1.27777 0.649695 1.66063 0.641031 0.633228 -0.298009 -0.315107
1305031107.543605 1.29545 0.658755 1.67273 0.644428 0.620828 -0.294732 -0.335289
1305031107.711307 1.29671 0.664499 1.66698 0.65252 0.615817 -0.29089 -0.33222
1305031107.875358 1.29019 0.668405 1.66019 0.652189 0.624382 -0.285394 -0.321477
1305031108.043418 1.28256 0.698791 1.65282 0.653611 0.615206 -0.277405 -0.342579
1305031108.211475 1.27398 0.732961 1.63654 0.667622 0.599143 -0.261433 -0.356317
1305031108.375410 1.26485 0.768023 1.62113 0.679499 0.595695 -0.247444 -0.349572
1305031108.543737 1.25903 0.825669 1.62246 0.699281 0.58018 -0.245796 -0.337611
1305031108.711411 1.2545 0.844392 1.61679 0.712983 0.564438 -0.214064 -0.35671
1305031108.876515 1.25336 0.86213 1.61712 0.727494 0.546749 -0.211606 -0.356427
1305031109.043277 1.26168 0.854414 1.62213 0.720328 0.54875 -0.233871 -0.353985
1305031109.211379 1.27459 0.815024 1.62262 0.711228 0.567143 -0.238411 -0.340093
1305031109.375397 1.26599 0.751467 1.64239 0.714962 0.577317 -0.250473 -0.304626
1305031109.543294 1.26526 0.699494 1.6455 0.699873 0.598123 -0.257063 -0.293847
1305031109.711312 1.27301 0.638532 1.64761 0.697964 0.602903 -0.258325 -0.287441
1305031109.875306 1.26425 0.578313 1.64202 0.697392 0.613423 -0.254567 -0.269358
1305031110.043299 1.249 0.524796 1.63067 0.679352 0.640331 -0.249438 -0.257367
1305031110.211637 1.23566 0.469124 1.62454 0.669362 0.658284 -0.243297 -0.243768
1305031110.379281 1.23091 0.423717 1.62702 0.657227 0.667675 -0.260241 -0.233533
1305031110.543408 1.23419 0.374182 1.61965 0.635766 0.690419 -0.272411 -0.211934
1305031110.711412 1.22824 0.341661 1.61263 0.621883 0.707203 -0.272811 -0.196721
1305031110.879313 1.22638 0.335344 1.61131 0.614932 0.713932 -0.276327 -0.189215
1305031111.043327 1.22744 0.358747 1.60896 0.619112 0.711243 -0.272235 -0.191627
1305031111.211433 1.22799 0.396357 1.60915 0.632596 0.699163 -0.263193 -0.204265
1305031111.379134 1.22432 0.433765 1.60953 0.6407 0.689758 -0.263257 -0.210794
1305031111.543250 1.22539 0.494097 1.60841 0.64063 0.682848 -0.26218 -0.233609
1305031111.711760 1.23167 0.548837 1.6074 0.665779 0.651655 -0.259415 -0.254536
1305031111.879442 1.23681 0.589559 1.60783 0.688793 0.618768 -0.227609 -0.301469
1305031112.043270 1.23792 0.64713 1.60243 0.701626 0.597578 -0.231903 -0.311195
1305031112.211254 1.2322 0.691453 1.59408 0.700101 0.592488 -0.192092 -0.349166
1305031112.379360 1.2402 0.738197 1.6022 0.692805 0.580946 -0.196725 -0.379239
1305031112.543212 1.25055 0.787249 1.61983 0.705151 0.562807 -0.222468 -0.369484
1305031112.711251 1.26828 0.834581 1.62841 0.722427 0.544115 -0.224113 -0.363058
1305031112.879421 1.25744 0.810644 1.61121 0.731506 0.544359 -0.208798 -0.353519
1305031113.043231 1.25293 0.778761 1.60367 0.729097 0.555433 -0.214334 -0.337598
1305031113.211259 1.23468 0.709614 1.60977 0.722778 0.567441 -0.214412 -0.331103
1305031113.379312 1.2252 0.635331 1.6059 0.715647 0.576292 -0.242013 -0.311717
1305031113.543242 1.21251 0.566566 1.61353 0.701751 0.599534 -0.254185 -0.288955
1305031113.711931 1.2013 0.509585 1.60349 0.687832 0.618502 -0.251289 -0.284951
1305031113.879281 1.18767 0.451268 1.60159 0.676725 0.629368 -0.240991 -0.296416
1305031114.043301 1.18477 0.388862 1.59594 0.662454 0.635834 -0.244828 -0.311336
1305031114.211303 1.18217 0.347601 1.58844 0.645136 0.648187 -0.264316 -0.306251
1305031114.379320 1.17098 0.30751 1.58389 0.630309 0.665874 -0.276829 -0.287554
1305031114.543236 1.16328 0.278884 1.57983 0.616965 0.679606 -0.292494 -0.268211
1305031114.711306 1.15403 0.264344 1.57978 0.620178 0.682496 -0.297982 -0.246546
1305031114.879281 1.15935 0.271256 1.57863 0.610619 0.689174 -0.302209 -0.246686
1305031115.043508 1.16116 0.299995 1.57077 0.613993 0.693396 -0.289897 -0.241193
1305031115.211374 1.15449 0.342696 1.56663 0.629578 0.685067 -0.269727 -0.248118
1305031115.379166 1.15967 0.387867 1.55894 0.651075 0.660772 -0.259558 -0.268536
1305031115.543604 1.14775 0.470094 1.53714 0.672621 0.645567 -0.25901 -0.252464
1305031115.711320 1.15908 0.526882 1.54891 0.702448 0.610212 -0.250599 -0.267225
1305031115.879198 1.16359 0.598871 1.54778 0.731933 0.573805 -0.236021 -0.281631
1305031116.043164 1.17426 0.685588 1.53775 0.750039 0.55254 -0.224492 -0.285908
1305031116.211299 1.16547 0.693254 1.52843 0.776207 0.525548 -0.173226 -0.30215
1305031116.379384 1.16167 0.731635 1.53684 0.79216 0.503717 -0.15236 -0.309092
1305031116.543262 1.16944 0.721919 1.54518 0.796113 0.493687 -0.153371 -0.31457
1305031116.711634 1.17369 0.663581 1.53918 0.77014 0.526084 -0.163607 -0.321486
1305031116.880165 1.14593 0.614289 1.59779 0.752315 0.57315 -0.162206 -0.281444
1305031117.043261 1.14461 0.477537 1.62193 0.725334 0.60906 -0.175049 -0.268875
1305031117.211361 1.14021 0.439979 1.60228 0.705963 0.63707 -0.20416 -0.232545
1305031117.379454 1.12518 0.434312 1.59983 0.702874 0.646815 -0.194953 -0.22269
1305031117.544285 1.10825 0.433093 1.62121 0.701699 0.642042 -0.209224 -0.227212
1305031117.711184 1.07553 0.434931 1.64011 0.699673 0.641701 -0.220565 -0.223671
1305031117.879451 1.02956 0.448351 1.65533 0.702968 0.636151 -0.229596 -0.220075
1305031118.043521 0.976045 0.449709 1.67298 0.704712 0.634982 -0.222761 -0.224848
1305031118.211202 0.923663 0.451596 1.69371 0.70414 0.633293 -0.212983 -0.240343
1305031118.379208 0.88875 0.455667 1.71034 0.696614 0.629814 -0.226267 -0.258584
1305031118.544414 0.88755 0.460867 1.69889 0.697365 0.624231 -0.235969 -0.261411
1305031118.711421 0.90794 0.455464 1.68415 0.694949 0.630969 -0.22346 -0.262658
1305031118.879208 0.967031 0.454391 1.65736 0.69125 0.633524 -0.230639 -0.260052
1305031119.047172 1.02186 0.437356 1.64569 0.687529 0.643036 -0.216859 -0.258417
1305031119.211364 1.07821 0.425295 1.63544 0.684554 0.645767 -0.227891 -0.249872
1305031119.379239 1.13488 0.412736 1.61337 0.685166 0.642437 -0.236035 -0.249218
1305031119.547382 1.18304 0.404421 1.58859 0.688013 0.640393 -0.230739 -0.251586
1305031119.715232 1.22529 0.396258 1.55404 0.696606 0.639986 -0.212433 -0.245011
1305031119.879214 1.25276 0.393945 1.52841 0.710517 0.63148 -0.208221 -0.230311
1305031120.047290 1.27998 0.383902 1.50985 0.720363 0.628845 -0.188879 -0.223508
1305031120.215249 1.2699 0.393536 1.51499 0.72423 0.625419 -0.196246 -0.214078
1305031120.379437 1.23536 0.400062 1.53924 0.716201 0.629382 -0.200096 -0.225602
1305031120.547736 1.1857 0.410846 1.56358 0.709459 0.623421 -0.224369 -0.240152
1305031120.714522 1.14226 0.424778 1.57769 0.705776 0.618219 -0.248018 -0.241188
1305031120.883435 1.09924 0.438321 1.59315 0.700602 0.619618 -0.257834 -0.242389
1305031121.047498 1.06434 0.440214 1.613 0.695448 0.622745 -0.257563 -0.249405
1305031121.211420 1.02246 0.452097 1.63584 0.691108 0.622448 -0.267831 -0.251386
1305031121.383226 0.978628 0.460685 1.65832 0.691506 0.617959 -0.276157 -0.252358
1305031121.547270 0.945253 0.466021 1.67405 0.691673 0.611743 -0.280494 -0.262073
1305031121.714520 0.907261 0.468892 1.69341 0.694302 0.611683 -0.268687 -0.267574
1305031121.882060 0.886254 0.475 1.69697 0.70651 0.602076 -0.266239 -0.259739
1305031122.047306 0.897501 0.474594 1.68976 0.701787 0.607288 -0.268605 -0.257969
1305031122.214959 0.95104 0.455636 1.66146 0.684758 0.623602 -0.260522 -0.27268
1305031122.382630 0.997042 0.436236 1.64835 0.680982 0.642142 -0.241553 -0.256065
1305031122.551490 1.04013 0.432527 1.63726 0.678105 0.652326 -0.245283 -0.233408
1305031122.715208 1.08484 0.419039 1.62717 0.680106 0.651422 -0.246119 -0.229196
1305031122.883754 1.1268 0.415149 1.59928 0.682393 0.655121 -0.232139 -0.226425
1305031123.051827 1.1531 0.409901 1.58712 0.692571 0.649508 -0.226559 -0.217155
1305031123.214704 1.19036 0.404408 1.56125 0.699202 0.647491 -0.213846 -0.214807
1305031123.382255 1.2178 0.404526 1.52936 0.71449 0.643539 -0.184497 -0.203282
1305031123.551513 1.24428 0.405006 1.51304 0.729227 0.633652 -0.170982 -0.193593
1305031123.711323 1.26552 0.410063 1.49273 0.738784 0.629219 -0.155772 -0.184435
1305031123.883786 1.27306 0.408324 1.49053 0.746864 0.622363 -0.153804 -0.17664
1305031124.051505 1.26115 0.407778 1.49936 0.742615 0.622433 -0.169313 -0.180091
1305031124.211396 1.22555 0.417162 1.51693 0.73174 0.627912 -0.187148 -0.187772
1305031124.382420 1.19467 0.42172 1.53871 0.721353 0.63101 -0.209298 -0.194088
1305031124.550437 1.16288 0.42375 1.56685 0.705876 0.633702 -0.230888 -0.216453
1305031124.711251 1.12269 0.430984 1.58906 0.690838 0.638081 -0.250238 -0.230165
1305031124.879355 1.07257 0.441461 1.60702 0.684098 0.638823 -0.260798 -0.236429
1305031125.050763 1.02806 0.445147 1.62008 0.683894 0.633573 -0.267522 -0.24353
1305031125.211320 0.98766 0.446953 1.635 0.686243 0.629732 -0.266955 -0.247473
1305031125.379401 0.957148 0.449918 1.64538 0.677945 0.632919 -0.267987 -0.260744
1305031125.551020 0.94086 0.448419 1.64404 0.680132 0.630218 -0.251468 -0.277504
1305031125.711443 0.946317 0.445202 1.652 0.678983 0.626294 -0.259851 -0.281453
1305031125.879318 0.98058 0.440893 1.64349 0.674314 0.631393 -0.258927 -0.282134
1305031126.047324 1.01743 0.441415 1.62487 0.676538 0.637337 -0.26867 -0.252813
1305031126.211319 1.05116 0.440084 1.59846 0.685674 0.641679 -0.251084 -0.23464
1305031126.379423 1.08721 0.434872 1.57322 0.691443 0.647896 -0.224757 -0.227204
1305031126.547374 1.12059 0.432968 1.55442 0.699814 0.649893 -0.210781 -0.208496
1305031126.711583 1.14095 0.435715 1.54317 0.715043 0.643065 -0.193878 -0.193886
1305031126.879357 1.15795 0.438471 1.53956 0.72282 0.635616 -0.18734 -0.19603
1305031127.047297 1.16252 0.439263 1.5439 0.72535 0.632726 -0.18738 -0.195992
1305031127.211700 1.15647 0.440031 1.54497 0.722664 0.633732 -0.198123 -0.192061
1305031127.379262 1.14571 0.440073 1.54796 0.718091 0.635093 -0.205695 -0.196701
1305031127.547348 1.13457 0.439653 1.54767 0.714403 0.638052 -0.210217 -0.195772
1305031127.711375 1.13257 0.437895 1.54695 0.713521 0.637226 -0.214109 -0.197455
1305031127.879380 1.12756 0.437481 1.54894 0.711976 0.638795 -0.214766 -0.197248
1305031128.047369 1.12086 0.439525 1.54354 0.712729 0.640141 -0.213346 -0.191625
1305031128.211447 1.11435 0.441466 1.54433 0.715589 0.636062 -0.216001 -0.191576
1305031128.379404 1.11229 0.440422 1.54551 0.713668 0.638151 -0.216049 -0.19174
1305031128.547399 1.11011 0.440189 1.54751 0.710634 0.6413 -0.215068 -0.193597
1305031128.711457 1.10822 0.440928 1.55033 0.708879 0.641807 -0.2187 -0.194282
