1305031102.175304 1.3405 0.6266 1.6575 0.657428 0.612626 -0.294913 -0.324814
1305031102.375329 1.2901 0.613386 1.60301 0.657076 0.624991 -0.287713 -0.307991
1305031102.575286 1.24752 0.620289 1.54884 0.656354 0.638643 -0.275152 -0.292618
1305031102.775472 1.1863 0.625328 1.5004 0.660049 0.637615 -0.270753 -0.290647
1305031102.975203 1.12608 0.682489 1.39573 0.675233 0.61891 -0.30238 -0.263775
1305031103.143318 1.07665 0.702998 1.35287 0.674654 0.622887 -0.316466 -0.238123
1305031103.343223 1.05971 0.737101 1.25093 0.689439 0.609097 -0.346735 -0.182891
1305031103.511333 1.03028 0.76107 1.27298 0.699131 0.605135 -0.351085 -0.147534
1305031103.675523 1.05403 0.796124 1.29526 0.691333 0.595762 -0.383778 -0.140857
1305031103.843251 1.10807 0.86562 1.34415 0.683109 0.597931 -0.398742 -0.129788
1305031104.011232 1.11566 0.87634 1.39953 0.672893 0.606894 -0.403595 -0.126517
1305031104.175424 1.15832 0.926972 1.45227 0.674301 0.600084 -0.403861 -0.148702
1305031104.343342 1.20104 0.968799 1.49104 0.672961 0.592114 -0.41026 -0.167965
1305031104.511329 1.23336 0.967613 1.53958 0.680313 0.58582 -0.405427 -0.172101
1305031104.675525 1.1215 0.914149 1.68354 0.684842 0.60344 -0.354651 -0.20267
1305031104.843258 1.08278 0.889483 1.81952 0.680419 0.601723 -0.327992 -0.259578
1305031105.011290 1.18397 0.90335 1.79884 0.675554 0.591492 -0.345976 -0.272148
1305031105.175159 1.22539 0.894627 1.75912 0.675361 0.608299 -0.335619 -0.247425
1305031105.343302 1.24534 0.901865 1.59722 0.662704 0.6161 -0.369528 -0.211408
1305031105.511332 1.16017 0.875054 1.56742 0.659365 0.635962 -0.358669 -0.179298
1305031105.711309 1.13532 0.784827 1.4032 0.64498 0.6388 -0.3602 -0.21492
1305031105.875337 1.07875 0.813797 1.35683 0.650752 0.634747 -0.353823 -0.220061
1305031106.043355 1.06892 0.786119 1.3022 0.665666 0.628488 -0.333551 -0.225021
1305031106.211275 1.01768 0.784266 1.26115 0.671129 0.640057 -0.319557 -0.19441
1305031106.375388 1.01441 0.777351 1.21351 0.679817 0.634652 -0.322233 -0.176726
1305031106.543302 0.977443 0.813242 1.18809 0.691309 0.620833 -0.344807 -0.133294
1305031106.711508 1.00114 0.853641 1.22715 0.673962 0.630925 -0.366318 -0.116281
1305031106.875905 1.05436 0.758731 1.26951 0.624917 0.670863 -0.347657 -0.19636
1305031107.043281 1.08802 0.695105 1.3666 0.627662 0.6769 -0.302993 -0.236733
1305031107.211358 1.07505 0.710365 1.46655 0.618168 0.686975 -0.295114 -0.242572
1305031107.375413 1.12711 0.701934 1.51873 0.612325 0.67071 -0.304023 -0.287709
1305031107.543605 1.19501 0.690323 1.52651 0.601162 0.660618 -0.301086 -0.333968
1305031107.711307 1.18539 0.685918 1.52511 0.612078 0.655739 -0.292453 -0.331418
1305031107.875358 1.16438 0.717622 1.51925 0.614513 0.663791 -0.292171 -0.31047
1305031108.043418 1.13406 0.733484 1.52055 0.61475 0.659104 -0.275408 -0.334386
1305031108.211475 1.18502 0.783084 1.47518 0.626636 0.636648 -0.277285 -0.353723
1305031108.375410 1.15755 0.844783 1.47492 0.635402 0.64015 -0.263205 -0.342338
1305031108.543737 1.07358 0.879773 1.56333 0.655738 0.644744 -0.224829 -0.322125
1305031108.711411 1.11194 0.932345 1.53495 0.669658 0.617823 -0.217698 -0.349943
1305031108.876515 1.09093 0.950698 1.53198 0.686437 0.601139 -0.212804 -0.349503
1305031109.043277 1.09246 0.957543 1.54819 0.680801 0.604444 -0.235928 -0.339847
1305031109.211379 1.1409 0.992589 1.523 0.68088 0.599272 -0.285758 -0.309221
1305031109.375397 1.08044 0.927472 1.57858 0.696454 0.608644 -0.286945 -0.249331
1305031109.543294 1.00912 0.952666 1.6043 0.685866 0.638053 -0.295555 -0.187413
1305031109.711312 1.02611 0.891978 1.60271 0.682494 0.640123 -0.303404 -0.179975
1305031109.875306 1.01182 0.844297 1.60574 0.677171 0.653252 -0.30136 -0.154547
1305031110.043299 0.987628 0.777367 1.5992 0.654863 0.679902 -0.297707 -0.142335
1305031110.211637 1.08049 0.735664 1.52184 0.619367 0.690429 -0.335504 -0.16471
1305031110.379281 1.07044 0.628289 1.55179 0.607338 0.704203 -0.326884 -0.168479
1305031110.543408 1.08936 0.563664 1.55373 0.580002 0.727284 -0.334219 -0.1515
1305031110.711412 1.08986 0.517769 1.55675 0.565863 0.742142 -0.331946 -0.137247
1305031110.879313 1.07499 0.489431 1.56836 0.561442 0.74988 -0.324661 -0.130608
1305031111.043327 1.08268 0.492992 1.55742 0.564831 0.748145 -0.316987 -0.144094
1305031111.211433 1.07016 0.534439 1.55873 0.582056 0.736483 -0.308272 -0.154183
1305031111.379134 1.06563 0.578416 1.54873 0.593815 0.723092 -0.313754 -0.161495
1305031111.543250 0.990569 0.743367 1.54845 0.609705 0.710881 -0.328616 -0.122145
1305031111.711760 1.00939 0.835288 1.52889 0.6344 0.683692 -0.332508 -0.139787
1305031111.879442 1.02692 0.915801 1.51753 0.673062 0.648445 -0.311741 -0.171239
1305031112.043270 1.00905 1.00773 1.4953 0.687989 0.630401 -0.318274 -0.167236
1305031112.211254 0.977891 1.10695 1.51149 0.685207 0.64557 -0.277492 -0.191648
1305031112.379360 0.93401 1.13614 1.51686 0.682751 0.64201 -0.267353 -0.224047
1305031112.543212 0.955053 1.18651 1.48498 0.69657 0.613277 -0.299382 -0.221476
1305031112.711251 0.934586 1.25428 1.48506 0.719452 0.598412 -0.291911 -0.197686
1305031112.879421 0.98673 1.2828 1.42772 0.712164 0.610251 -0.288972 -0.192122
1305031113.043231 0.987032 1.28338 1.42743 0.707571 0.616028 -0.304296 -0.165093
1305031113.211259 0.977471 1.24376 1.45547 0.699544 0.627954 -0.308174 -0.146085
1305031113.379312 0.989801 1.1904 1.48184 0.687685 0.630872 -0.339454 -0.117734
1305031113.543242 0.975115 1.15863 1.45508 0.674868 0.631224 -0.376108 -0.0682106
1305031113.711931 0.958473 1.107 1.47961 0.657189 0.651237 -0.375185 -0.0568159
1305031113.879281 0.962885 0.990419 1.54374 0.657244 0.660906 -0.353185 -0.0805858
1305031114.043301 0.90053 0.970044 1.60522 0.645931 0.675828 -0.34881 -0.0660375
1305031114.211303 0.93746 0.929319 1.57063 0.624326 0.675709 -0.385907 -0.0686285
1305031114.379320 0.925883 0.873209 1.57054 0.608093 0.682839 -0.401776 -0.0503061
1305031114.543236 0.958455 0.805584 1.57102 0.591684 0.687019 -0.418958 -0.0488728
1305031114.711306 0.952559 0.764282 1.58617 0.591024 0.691379 -0.414258 -0.0327855
1305031114.879281 0.949161 0.76496 1.59462 0.582669 0.699099 -0.413106 -0.0331631
1305031115.043508 0.953958 0.7965 1.57706 0.581967 0.706627 -0.401398 -0.0295379
1305031115.211374 0.972929 0.824069 1.50412 0.593865 0.699908 -0.393382 -0.0520022
1305031115.379166 0.974466 0.891797 1.46165 0.622395 0.676152 -0.388843 -0.0651521
1305031115.543604 0.944558 0.925298 1.43301 0.632723 0.683251 -0.357403 -0.0713679
1305031115.711320 1.01104 0.955425 1.4248 0.658246 0.651962 -0.353206 -0.130015
1305031115.879198 1.0214 1.00018 1.42871 0.690558 0.625483 -0.322649 -0.166728
1305031116.043164 1.1613 0.945438 1.41381 0.721341 0.570118 -0.302938 -0.250722
1305031116.211299 1.22434 1.22711 1.20769 0.689528 0.567593 -0.383199 -0.235688
1305031116.379384 1.17682 1.25075 1.25992 0.726406 0.551898 -0.336781 -0.233068
1305031116.543262 1.17397 1.29245 1.28994 0.728456 0.55436 -0.338886 -0.217239
1305031116.711634 1.21581 1.25861 1.27634 0.685943 0.581134 -0.375167 -0.225867
1305031116.880165 1.24304 1.35379 1.30691 0.615648 0.641427 -0.422915 -0.17519
1305031117.043261 1.27392 1.27923 1.31196 0.560095 0.67121 -0.458434 -0.160026
1305031117.211361 1.27832 1.25026 1.29673 0.514711 0.695151 -0.485933 -0.125324
1305031117.379454 1.26787 1.22068 1.32455 0.508046 0.712914 -0.465713 -0.129438
1305031117.544285 1.29327 1.23581 1.29352 0.501869 0.686374 -0.507349 -0.140052
1305031117.711184 1.29149 1.23038 1.29569 0.490376 0.678582 -0.526406 -0.14817
1305031117.879451 1.27848 1.20818 1.33964 0.495921 0.673635 -0.526002 -0.153627
1305031118.043521 1.23895 1.20197 1.3769 0.500724 0.673252 -0.520901 -0.157067
1305031118.211202 1.21574 1.19273 1.40625 0.50304 0.667506 -0.518499 -0.180405
1305031118.379208 1.1907 1.18074 1.45373 0.501783 0.658672 -0.525273 -0.196096
1305031118.544414 1.20244 1.17345 1.45877 0.506442 0.650786 -0.52983 -0.19818
1305031118.711421 1.13054 1.19776 1.50387 0.519464 0.675221 -0.499958 -0.155806
1305031118.879208 1.18192 1.21533 1.44826 0.515456 0.67011 -0.512387 -0.150722
1305031119.047172 1.26993 1.14922 1.42106 0.505659 0.688069 -0.48274 -0.194502
1305031119.211364 1.3465 1.13125 1.3764 0.502349 0.68216 -0.49314 -0.197776
1305031119.379239 1.39132 1.14491 1.33746 0.50087 0.678624 -0.502037 -0.191202
1305031119.547382 1.46063 1.12396 1.27234 0.509039 0.668294 -0.502959 -0.203212
1305031119.715232 1.51042 1.11626 1.2707 0.522731 0.681509 -0.470198 -0.203007
1305031119.879214 1.53202 1.1275 1.21336 0.532311 0.674538 -0.476495 -0.186001
1305031120.047290 1.56121 1.12152 1.1745 0.544218 0.674398 -0.463316 -0.185344
1305031120.215249 1.47754 1.17245 1.17768 0.527523 0.689799 -0.474529 -0.143941
1305031120.379437 1.46398 1.19926 1.14742 0.501321 0.68053 -0.508191 -0.165221
1305031120.547736 1.42824 1.2028 1.16587 0.490901 0.660284 -0.541654 -0.172197
1305031120.714522 1.39359 1.20932 1.18373 0.486917 0.643788 -0.568674 -0.1583
1305031120.883435 1.35941 1.21852 1.22013 0.480145 0.642875 -0.575622 -0.157582
1305031121.047498 1.32984 1.21415 1.27472 0.474715 0.649663 -0.569562 -0.167881
1305031121.211420 1.2848 1.22996 1.31892 0.473638 0.643503 -0.580887 -0.155376
1305031121.383226 1.21318 1.26358 1.38387 0.474406 0.645027 -0.584614 -0.130789
1305031121.547270 1.19295 1.26932 1.40406 0.475167 0.635157 -0.593105 -0.137908
1305031121.714520 1.16273 1.26134 1.43481 0.482862 0.635986 -0.584373 -0.144478
1305031121.882060 1.16345 1.24882 1.45468 0.499212 0.631439 -0.576384 -0.140903
1305031122.047306 1.15812 1.24882 1.46437 0.5042 0.632153 -0.5741 -0.128742
1305031122.214959 1.2002 1.26003 1.42578 0.487281 0.644428 -0.571244 -0.14474
1305031122.382630 1.27229 1.23373 1.3462 0.478578 0.654258 -0.565724 -0.151216
1305031122.551490 1.32193 1.20558 1.34484 0.483938 0.660981 -0.558219 -0.131528
1305031122.715208 1.36869 1.22021 1.29175 0.481073 0.655793 -0.568639 -0.123101
1305031122.883754 1.4128 1.21414 1.26163 0.488369 0.663695 -0.552353 -0.12614
1305031123.051827 1.43498 1.21012 1.22314 0.497477 0.659879 -0.550904 -0.116538
1305031123.214704 1.51166 1.15632 1.12166 0.516623 0.635966 -0.557931 -0.13176
1305031123.382255 1.54937 1.11722 1.14037 0.552977 0.648247 -0.50719 -0.129429
1305031123.551513 1.57308 1.09227 1.1314 0.568898 0.651519 -0.483616 -0.134141
1305031123.711323 1.61343 1.03953 1.1816 0.580669 0.672273 -0.42565 -0.172321
1305031123.883786 1.60179 1.00628 1.23776 0.600293 0.679904 -0.38846 -0.162721
1305031124.051505 1.59546 1.00384 1.24284 0.592595 0.675003 -0.407005 -0.165978
1305031124.211396 1.56752 0.961922 1.32082 0.586226 0.68257 -0.393241 -0.189206
1305031124.382420 1.53952 0.957614 1.36149 0.576168 0.680853 -0.409566 -0.191641
1305031124.550437 1.52109 0.966468 1.37777 0.559545 0.668615 -0.443156 -0.208509
1305031124.711251 1.49427 0.937524 1.41883 0.541247 0.669881 -0.449377 -0.237424
1305031124.879355 1.4478 0.943459 1.45836 0.534362 0.668153 -0.459289 -0.238919
1305031125.050763 1.38601 0.970482 1.47311 0.521975 0.667412 -0.473146 -0.241322
1305031125.211320 1.34914 0.976417 1.48226 0.518492 0.664783 -0.478894 -0.244724
1305031125.379401 1.30986 1.01841 1.48217 0.504448 0.662063 -0.497265 -0.244811
1305031125.551020 1.29092 0.972939 1.55167 0.513897 0.673483 -0.4567 -0.271581
1305031125.711443 1.2993 0.956133 1.56783 0.516144 0.668024 -0.459912 -0.275355
1305031125.879318 1.35546 0.937478 1.53533 0.508932 0.669275 -0.456056 -0.291673
1305031126.047324 1.37015 1.02788 1.51591 0.516162 0.670234 -0.48467 -0.222393
1305031126.211319 1.39614 1.03077 1.47274 0.524087 0.680366 -0.467646 -0.209146
1305031126.379423 1.43325 1.05499 1.40191 0.536334 0.675699 -0.465904 -0.196748
1305031126.547374 1.47045 1.0595 1.361 0.543041 0.682172 -0.454435 -0.182308
1305031126.711583 1.44193 1.10401 1.33521 0.56255 0.685379 -0.443467 -0.130882
1305031126.879357 1.43302 1.12414 1.33305 0.567182 0.688551 -0.434633 -0.123683
1305031127.047297 1.4424 1.11951 1.3325 0.569398 0.686469 -0.43346 -0.12907
1305031127.211700 1.44392 1.11504 1.33303 0.567529 0.681953 -0.444 -0.12536
1305031127.379262 1.4319 1.10703 1.33986 0.560762 0.682485 -0.449329 -0.133657
1305031127.547348 1.42694 1.09914 1.33363 0.554075 0.682002 -0.457147 -0.137442
1305031127.711375 1.46987 1.07192 1.31001 0.541332 0.676023 -0.46812 -0.175545
1305031127.879380 1.46305 1.07522 1.31377 0.537389 0.678681 -0.469328 -0.174175
1305031128.047369 1.45153 1.08561 1.30808 0.53689 0.681494 -0.46957 -0.163765
1305031128.211447 1.4663 1.08238 1.27515 0.531898 0.669348 -0.487065 -0.178399
1305031128.379404 1.49889 1.08606 1.11074 0.515757 0.631523 -0.545508 -0.193893
1305031128.547399 1.49437 1.09018 1.11035 0.514233 0.632063 -0.546966 -0.192065
1305031128.711457 1.49668 1.07347 1.11954 0.514491 0.630541 -0.546082 -0.198775
