1305031102.175304 1.3405 0.6266 1.6575 0.657428 0.612626 -0.294913 -0.324814
1305031102.375329 1.28471 0.630901 1.60225 0.661377 0.622936 -0.292263 -0.298518
1305031102.575286 1.22517 0.637569 1.5488 0.663522 0.636383 -0.278403 -0.277935
1305031102.775472 1.1779 0.636845 1.48314 0.666588 0.631442 -0.279888 -0.280364
1305031102.975203 1.13838 0.61407 1.43317 0.665374 0.63383 -0.267218 -0.290053
1305031103.143318 1.10622 0.623628 1.37907 0.666681 0.632281 -0.283584 -0.274476
1305031103.343223 1.08208 0.626261 1.34553 0.6756 0.638959 -0.277609 -0.241308
1305031103.511333 1.08216 0.626665 1.36747 0.675086 0.642136 -0.276977 -0.234954
1305031103.675523 1.10876 0.627468 1.41812 0.667338 0.641254 -0.294868 -0.237711
1305031103.843251 1.15307 0.627011 1.47529 0.659915 0.646445 -0.293429 -0.246009
1305031104.011232 1.17629 0.640788 1.54558 0.651653 0.656024 -0.299102 -0.235625
1305031104.175424 1.22385 0.643207 1.60495 0.646995 0.648953 -0.296492 -0.26898
1305031104.343342 1.2658 0.644602 1.65168 0.644395 0.639837 -0.299583 -0.292596
1305031104.511329 1.30148 0.627645 1.69958 0.648948 0.634361 -0.294257 -0.299776
1305031104.675525 1.32225 0.661038 1.73297 0.644077 0.61477 -0.315564 -0.328089
1305031104.843258 1.37486 0.655988 1.75293 0.639156 0.575193 -0.33227 -0.387595
1305031105.011290 1.39024 0.65611 1.72628 0.641869 0.566315 -0.337396 -0.391734
1305031105.175159 1.35799 0.649785 1.67717 0.646232 0.588202 -0.318494 -0.367375
1305031105.343302 1.29429 0.639639 1.63685 0.652801 0.617427 -0.303933 -0.316637
1305031105.511332 1.24236 0.637544 1.58456 0.65314 0.631147 -0.302563 -0.288992
1305031105.711309 1.16842 0.64862 1.5267 0.659382 0.633249 -0.299188 -0.273308
1305031105.875337 1.12662 0.659367 1.46448 0.665997 0.622138 -0.292811 -0.28923
1305031106.043355 1.08933 0.663522 1.40627 0.682653 0.615191 -0.27648 -0.281219
1305031106.211275 1.05545 0.658255 1.35728 0.692907 0.617268 -0.266025 -0.260941
1305031106.375388 1.04707 0.659753 1.32217 0.697476 0.620961 -0.262628 -0.242818
1305031106.543302 1.04858 0.647622 1.34623 0.689831 0.631501 -0.250976 -0.2497
1305031106.711508 1.08542 0.640001 1.39684 0.679797 0.639623 -0.261076 -0.246164
1305031106.875905 1.12823 0.646955 1.46097 0.666797 0.649108 -0.28059 -0.23518
1305031107.043281 1.18532 0.640506 1.52884 0.653576 0.653283 -0.27948 -0.260673
1305031107.211358 1.2297 0.644925 1.59088 0.64734 0.649425 -0.287802 -0.27635
1305031107.375413 1.27452 0.652563 1.62898 0.639248 0.632237 -0.302936 -0.316018
1305031107.543605 1.29479 0.663388 1.63965 0.642325 0.619616 -0.300215 -0.336698
1305031107.711307 1.29589 0.669426 1.6286 0.649805 0.614499 -0.296986 -0.33458
1305031107.875358 1.28873 0.675245 1.61668 0.648828 0.623033 -0.292693 -0.324321
1305031108.043418 1.27946 0.721724 1.60671 0.648207 0.615746 -0.28761 -0.343461
1305031108.211475 1.26875 0.771427 1.58265 0.659831 0.601428 -0.274855 -0.356879
1305031108.375410 1.25953 0.825084 1.55669 0.669112 0.599505 -0.26583 -0.349596
1305031108.543737 1.24673 0.911119 1.54987 0.686544 0.586908 -0.269721 -0.333837
1305031108.711411 1.26683 0.979706 1.54019 0.69887 0.571152 -0.257631 -0.344952
1305031108.876515 1.26704 1.00573 1.54202 0.713784 0.554318 -0.256969 -0.342361
1305031109.043277 1.27522 0.992274 1.54864 0.70586 0.556093 -0.276721 -0.340511
1305031109.211379 1.28904 0.937639 1.54142 0.696145 0.572735 -0.27953 -0.330484
1305031109.375397 1.28228 0.864882 1.57219 0.699402 0.583883 -0.288601 -0.294324
1305031109.543294 1.28442 0.805147 1.57327 0.682904 0.603943 -0.2951 -0.286026
1305031109.711312 1.29802 0.731122 1.57645 0.680817 0.608042 -0.294469 -0.28295
1305031109.875306 1.29234 0.660436 1.57322 0.6805 0.618291 -0.289064 -0.266605
1305031110.043299 1.2786 0.596482 1.56358 0.662323 0.644581 -0.282326 -0.257168
1305031110.211637 1.26649 0.530551 1.56035 0.652625 0.662293 -0.274137 -0.245555
1305031110.379281 1.26338 0.476894 1.5649 0.640585 0.670762 -0.289381 -0.236617
1305031110.543408 1.26904 0.417493 1.55662 0.618965 0.692626 -0.299662 -0.217609
1305031110.711412 1.2639 0.378454 1.5499 0.605279 0.709069 -0.298753 -0.203974
1305031110.879313 1.26258 0.365677 1.55021 0.598903 0.715527 -0.300228 -0.19799
1305031111.043327 1.26299 0.399979 1.54533 0.601595 0.713691 -0.298802 -0.198608
1305031111.211433 1.26161 0.448962 1.54371 0.614364 0.702448 -0.292037 -0.209376
1305031111.379134 1.25477 0.498786 1.54339 0.621574 0.693945 -0.294353 -0.213175
1305031111.543250 1.25226 0.577377 1.54 0.619992 0.688043 -0.296387 -0.233155
1305031111.711760 1.25494 0.65082 1.53431 0.644568 0.658343 -0.297502 -0.250219
1305031111.879442 1.25732 0.706714 1.52874 0.669106 0.626369 -0.270059 -0.295002
1305031112.043270 1.25229 0.782327 1.51625 0.681064 0.606796 -0.27795 -0.301153
1305031112.211254 1.24097 0.848348 1.507 0.680689 0.604154 -0.242839 -0.335694
1305031112.379360 1.24466 0.903907 1.51035 0.673765 0.592095 -0.249042 -0.365296
1305031112.543212 1.25301 0.962764 1.51972 0.686059 0.572369 -0.276623 -0.353829
1305031112.711251 1.26815 1.01581 1.52011 0.704123 0.553355 -0.279117 -0.346557
1305031112.879421 1.25705 0.988721 1.5062 0.713193 0.555687 -0.262885 -0.336837
1305031113.043231 1.25365 0.951707 1.5038 0.709827 0.567648 -0.266193 -0.321035
1305031113.211259 1.24336 0.879308 1.51789 0.702684 0.579692 -0.266955 -0.314527
1305031113.379312 1.24075 0.799051 1.52148 0.694119 0.587781 -0.293617 -0.29411
1305031113.543242 1.23346 0.720841 1.53584 0.678533 0.610461 -0.304103 -0.272859
1305031113.711931 1.22677 0.651607 1.53189 0.664512 0.628694 -0.299303 -0.271266
1305031113.879281 1.21745 0.579018 1.53769 0.654628 0.638559 -0.286779 -0.285416
1305031114.043301 1.22059 0.502109 1.5373 0.641516 0.642967 -0.288599 -0.302921
1305031114.211303 1.22208 0.443663 1.52992 0.62446 0.652693 -0.305642 -0.301039
1305031114.379320 1.21157 0.387431 1.52773 0.609925 0.668921 -0.315141 -0.284994
1305031114.543236 1.20372 0.347049 1.52328 0.596624 0.681372 -0.328738 -0.267776
1305031114.711306 1.192 0.325283 1.5248 0.600053 0.684607 -0.332175 -0.246796
1305031114.879281 1.19877 0.336399 1.52172 0.589728 0.690921 -0.337542 -0.246808
1305031115.043508 1.19974 0.375403 1.51182 0.59196 0.696433 -0.326909 -0.240199
1305031115.211374 1.18885 0.433924 1.50488 0.60649 0.690196 -0.309799 -0.244588
1305031115.379166 1.19165 0.497133 1.48954 0.627334 0.667316 -0.304241 -0.261876
1305031115.543604 1.16945 0.611175 1.46513 0.646409 0.656441 -0.307064 -0.238645
1305031115.711320 1.17661 0.682435 1.47086 0.677428 0.622751 -0.30072 -0.250678
1305031115.879198 1.17595 0.755786 1.46511 0.710603 0.585974 -0.284549 -0.265913
1305031116.043164 1.17943 0.841156 1.4411 0.731251 0.56258 -0.271765 -0.273714
1305031116.211299 1.10104 0.816106 1.49622 0.779125 0.535535 -0.181162 -0.270825
1305031116.379384 1.08815 0.918554 1.52718 0.796368 0.523274 -0.169331 -0.251615
1305031116.543262 1.09603 0.84074 1.51612 0.798949 0.505571 -0.153588 -0.287208
1305031116.711634 1.10629 0.750838 1.50476 0.773021 0.534103 -0.162348 -0.301356
1305031116.880165 1.09436 0.64127 1.49946 0.744694 0.572645 -0.161335 -0.302457
1305031117.043261 1.09722 0.548694 1.51865 0.711846 0.617242 -0.185202 -0.279263
1305031117.211361 1.09479 0.497185 1.49674 0.692432 0.644196 -0.208399 -0.249238
1305031117.379454 1.07955 0.490773 1.49667 0.689729 0.654078 -0.197924 -0.239336
1305031117.544285 1.0627 0.488909 1.51846 0.688536 0.649496 -0.212029 -0.24314
1305031117.711184 1.03049 0.489922 1.5385 0.686554 0.649492 -0.22301 -0.238895
1305031117.879451 0.984555 0.502494 1.55599 0.689988 0.644453 -0.231778 -0.234258
1305031118.043521 0.931449 0.502546 1.57601 0.692035 0.64343 -0.224335 -0.238242
1305031118.211202 0.878868 0.502781 1.59908 0.691687 0.641793 -0.21381 -0.252895
1305031118.379208 0.842368 0.505717 1.61856 0.68409 0.638803 -0.226178 -0.269807
1305031118.544414 0.841848 0.513226 1.60648 0.684625 0.633229 -0.237081 -0.272218
1305031118.711421 0.863944 0.50735 1.58928 0.68203 0.639208 -0.225088 -0.274925
1305031118.879208 0.922423 0.50801 1.56122 0.677896 0.641638 -0.232774 -0.273081
1305031119.047172 0.977591 0.491805 1.54613 0.674094 0.650437 -0.21929 -0.27284
1305031119.211364 1.03417 0.482961 1.53112 0.671475 0.652625 -0.231422 -0.263904
1305031119.379239 1.09054 0.474036 1.50481 0.672417 0.648711 -0.240858 -0.26271
1305031119.547382 1.13846 0.468471 1.47705 0.675604 0.64611 -0.236543 -0.264855
1305031119.715232 1.1806 0.461861 1.44005 0.684756 0.645235 -0.218766 -0.258694
1305031119.879214 1.20978 0.460175 1.41116 0.698702 0.636538 -0.215715 -0.245157
1305031120.047290 1.23932 0.449235 1.38924 0.708706 0.633348 -0.197108 -0.240321
1305031120.215249 1.22719 0.460944 1.3959 0.712628 0.630719 -0.204494 -0.229209
1305031120.379437 1.19175 0.466889 1.42264 0.704582 0.634706 -0.207809 -0.239848
1305031120.547736 1.14139 0.476537 1.44961 0.697508 0.628897 -0.231798 -0.253458
1305031120.714522 1.09704 0.489862 1.46599 0.693605 0.624108 -0.255199 -0.253524
1305031120.883435 1.05217 0.501228 1.48676 0.687965 0.62637 -0.263581 -0.254736
1305031121.047498 1.01578 0.499581 1.51062 0.682311 0.630152 -0.261788 -0.262351
1305031121.211420 0.971442 0.507933 1.53953 0.67742 0.631053 -0.270107 -0.264417
1305031121.383226 0.925274 0.512826 1.56807 0.677261 0.627923 -0.276622 -0.265538
1305031121.547270 0.890116 0.516159 1.58769 0.676979 0.622473 -0.280236 -0.275126
1305031121.714520 0.849098 0.514739 1.61234 0.679114 0.623497 -0.266564 -0.281067
1305031121.882060 0.824413 0.520122 1.6215 0.691535 0.615305 -0.262556 -0.272477
1305031122.047306 0.838539 0.522449 1.60962 0.686739 0.619594 -0.266717 -0.270842
1305031122.214959 0.896793 0.50671 1.57242 0.669974 0.633419 -0.260946 -0.286045
1305031122.382630 0.945678 0.489555 1.5521 0.666843 0.650668 -0.24301 -0.269994
1305031122.551490 0.995518 0.488247 1.53391 0.664055 0.660241 -0.248066 -0.248145
1305031122.715208 1.04639 0.475103 1.51735 0.666116 0.658626 -0.25008 -0.244868
1305031122.883754 1.09338 0.474955 1.48252 0.668822 0.661394 -0.237905 -0.242148
1305031123.051827 1.1243 0.470122 1.4652 0.679012 0.655506 -0.233553 -0.233899
1305031123.214704 1.16879 0.465194 1.43156 0.685557 0.652606 -0.222728 -0.233471
1305031123.382255 1.20204 0.466421 1.39218 0.701095 0.648241 -0.195307 -0.223839
1305031123.551513 1.23378 0.467262 1.36972 0.715766 0.63827 -0.183592 -0.215833
1305031123.711323 1.25954 0.47384 1.34343 0.725479 0.633549 -0.170363 -0.208017
1305031123.883786 1.27408 0.472729 1.33385 0.732528 0.626449 -0.172339 -0.203137
1305031124.051505 1.25517 0.472569 1.34938 0.728442 0.627427 -0.185117 -0.203567
1305031124.211396 1.21005 0.484278 1.37526 0.717291 0.633825 -0.201002 -0.208222
1305031124.382420 1.17096 0.489426 1.40498 0.706828 0.637629 -0.221134 -0.211952
1305031124.550437 1.12935 0.49165 1.44226 0.691613 0.640608 -0.240503 -0.231195
1305031124.711251 1.07978 0.499025 1.47293 0.67677 0.645453 -0.257958 -0.242548
1305031124.879355 1.01917 0.510572 1.49862 0.670317 0.647052 -0.267167 -0.246214
1305031125.050763 0.965272 0.514299 1.5193 0.67079 0.642611 -0.272408 -0.250773
1305031125.211320 0.915448 0.516212 1.54169 0.674153 0.639566 -0.270126 -0.252002
1305031125.379401 0.878019 0.521218 1.55519 0.66613 0.643076 -0.270913 -0.263305
1305031125.551020 0.852416 0.518241 1.5659 0.669191 0.642219 -0.250591 -0.277384
1305031125.711443 0.855835 0.508033 1.58019 0.668899 0.638582 -0.255592 -0.281886
1305031125.879318 0.906481 0.503074 1.55609 0.662564 0.640915 -0.259592 -0.287834
1305031126.047324 0.954397 0.506146 1.52579 0.663957 0.645611 -0.272536 -0.260904
1305031126.211319 0.998686 0.506361 1.4893 0.67264 0.648907 -0.257537 -0.245255
1305031126.379423 1.04599 0.501848 1.45294 0.678305 0.653507 -0.23422 -0.240773
1305031126.547374 1.0895 0.500725 1.4249 0.686619 0.654639 -0.222766 -0.22445
1305031126.711583 1.117 0.505405 1.40677 0.701956 0.647405 -0.208658 -0.211153
1305031126.879357 1.13929 0.509044 1.39855 0.709795 0.639223 -0.204144 -0.214266
1305031127.047297 1.14529 0.511006 1.4012 0.712175 0.636216 -0.205293 -0.21422
1305031127.211700 1.13631 0.511955 1.40494 0.709389 0.637807 -0.214872 -0.209284
1305031127.379262 1.12129 0.511582 1.41209 0.704717 0.639749 -0.220785 -0.212954
1305031127.547348 1.10595 0.511266 1.41509 0.701229 0.643189 -0.22397 -0.210768
1305031127.711375 1.10329 0.509015 1.41484 0.700365 0.642336 -0.227613 -0.212333
1305031127.879380 1.09699 0.508221 1.41832 0.698878 0.644068 -0.227706 -0.211887
1305031128.047369 1.08887 0.511291 1.41273 0.699577 0.645709 -0.226417 -0.205883
1305031128.211447 1.08047 0.514292 1.41473 0.702352 0.642021 -0.229078 -0.205022
1305031128.379404 1.07782 0.512754 1.41677 0.70047 0.644148 -0.22872 -0.205189
1305031128.547399 1.07574 0.511702 1.41921 0.697421 0.647167 -0.227455 -0.20747
1305031128.711457 1.07302 0.511773 1.42412 0.695584 0.647961 -0.230216 -0.208111
