1305031102.175304 1.3405 0.6266 1.6575 0.657428 0.612626 -0.294913 -0.324814
1305031102.375329 1.28357 0.638359 1.59275 0.662914 0.620656 -0.296177 -0.295991
1305031102.575286 1.23703 0.639136 1.5332 0.663218 0.63205 -0.284317 -0.282523
1305031102.775472 1.19648 0.647385 1.47682 0.666496 0.627488 -0.286898 -0.282368
1305031102.975203 1.1104 0.591139 1.43465 0.671446 0.632471 -0.25592 -0.289216
1305031103.143318 1.08469 0.593843 1.38756 0.673034 0.630145 -0.268788 -0.27874
1305031103.343223 1.04905 0.58394 1.35325 0.681393 0.638026 -0.255979 -0.2512
1305031103.511333 1.02644 0.533648 1.36084 0.685012 0.639836 -0.22953 -0.262077
1305031103.675523 1.04194 0.515228 1.40928 0.683979 0.635595 -0.242034 -0.26384
1305031103.843251 1.07092 0.519951 1.47382 0.678034 0.641211 -0.244408 -0.263407
1305031104.011232 1.06443 0.493806 1.55001 0.676671 0.649003 -0.23897 -0.252598
1305031104.175424 1.11171 0.480145 1.6236 0.670604 0.643474 -0.23117 -0.287736
1305031104.343342 1.12908 0.517546 1.7076 0.679578 0.632991 -0.236356 -0.285713
1305031104.511329 1.17476 0.493126 1.75207 0.6805 0.627875 -0.233603 -0.296855
1305031104.675525 1.20005 0.503 1.80011 0.673605 0.612272 -0.246925 -0.332276
1305031104.843258 1.27179 0.499235 1.83618 0.660262 0.580265 -0.263343 -0.397488
1305031105.011290 1.29549 0.519965 1.84528 0.666792 0.570952 -0.269794 -0.395744
1305031105.175159 1.2703 0.515846 1.8004 0.671341 0.591953 -0.247569 -0.370948
1305031105.343302 1.20929 0.501932 1.73959 0.676946 0.618993 -0.231535 -0.324011
1305031105.511332 1.16026 0.503959 1.68231 0.681116 0.629456 -0.228815 -0.29582
1305031105.711309 1.10833 0.509242 1.60507 0.683768 0.629308 -0.226414 -0.291839
1305031105.875337 1.07996 0.523394 1.53854 0.688142 0.616357 -0.220281 -0.313114
1305031106.043355 1.04559 0.551261 1.49086 0.700536 0.61223 -0.205258 -0.303797
1305031106.211275 1.01038 0.579249 1.44164 0.716039 0.610959 -0.204021 -0.269057
1305031106.375388 1.00333 0.579448 1.40326 0.722918 0.609985 -0.199059 -0.256286
1305031106.543302 0.986435 0.579219 1.40813 0.711117 0.625222 -0.196299 -0.254711
1305031106.711508 1.03009 0.562981 1.44837 0.701685 0.628933 -0.214919 -0.256695
1305031106.875905 1.04393 0.582151 1.51467 0.696467 0.638129 -0.23507 -0.229055
1305031107.043281 1.10312 0.592369 1.58339 0.688445 0.638072 -0.243143 -0.244518
1305031107.211358 1.16194 0.626246 1.61784 0.68785 0.624777 -0.2698 -0.252435
1305031107.375413 1.18765 0.629254 1.68453 0.684201 0.612693 -0.27386 -0.285443
1305031107.543605 1.25365 0.60686 1.70703 0.686089 0.595092 -0.267049 -0.322231
1305031107.711307 1.26215 0.620549 1.68949 0.694846 0.58664 -0.268096 -0.318068
1305031107.875358 1.24527 0.670526 1.70163 0.698699 0.596926 -0.267247 -0.289963
1305031108.043418 1.23252 0.725591 1.7035 0.697659 0.596391 -0.259374 -0.300525
1305031108.211475 1.27028 0.747696 1.68617 0.70751 0.581392 -0.243223 -0.319775
1305031108.375410 1.29138 0.796651 1.65973 0.714607 0.579826 -0.234541 -0.313255
1305031108.543737 1.29156 0.838938 1.64894 0.730703 0.56309 -0.229536 -0.310348
1305031108.711411 1.2935 0.869536 1.644 0.739237 0.553891 -0.196621 -0.328746
1305031108.876515 1.29398 0.898864 1.6429 0.752804 0.53746 -0.195706 -0.325765
1305031109.043277 1.27983 0.865292 1.64785 0.744841 0.543993 -0.203759 -0.328276
1305031109.211379 1.26147 0.837874 1.67325 0.73927 0.565712 -0.202794 -0.303851
1305031109.375397 1.29712 0.844914 1.67667 0.735503 0.575499 -0.239266 -0.265684
1305031109.543294 1.27719 0.77298 1.6828 0.719663 0.598814 -0.240123 -0.256608
1305031109.711312 1.29289 0.717902 1.67807 0.724715 0.592381 -0.249532 -0.248205
1305031109.875306 1.28154 0.663641 1.67444 0.721741 0.60466 -0.248087 -0.227879
1305031110.043299 1.26046 0.613082 1.66103 0.706454 0.628723 -0.247574 -0.210565
1305031110.211637 1.2437 0.534031 1.65501 0.696532 0.645476 -0.238339 -0.203467
1305031110.379281 1.21322 0.481889 1.64222 0.683418 0.655864 -0.25589 -0.193137
1305031110.543408 1.22387 0.437556 1.63801 0.659413 0.679209 -0.271738 -0.17323
1305031110.711412 1.23798 0.416597 1.63127 0.64372 0.695311 -0.27692 -0.159635
1305031110.879313 1.24227 0.427717 1.598 0.631413 0.702464 -0.289119 -0.155794
1305031111.043327 1.24125 0.464804 1.58793 0.63145 0.702704 -0.286779 -0.158856
1305031111.211433 1.25016 0.51914 1.57955 0.646493 0.687138 -0.284045 -0.170901
1305031111.379134 1.24927 0.569307 1.57082 0.650789 0.679691 -0.289118 -0.175798
1305031111.543250 1.21864 0.623463 1.58719 0.649377 0.682842 -0.270453 -0.197209
1305031111.711760 1.24688 0.702105 1.59486 0.673543 0.652558 -0.270432 -0.217657
1305031111.879442 1.25144 0.764118 1.59772 0.697565 0.623321 -0.240522 -0.258889
1305031112.043270 1.24691 0.877071 1.59854 0.702433 0.614275 -0.246027 -0.262154
1305031112.211254 1.26374 0.920022 1.60385 0.707588 0.605635 -0.206078 -0.300095
1305031112.379360 1.2749 1.00996 1.61606 0.700911 0.598 -0.22266 -0.318656
1305031112.543212 1.25567 1.05652 1.63022 0.713617 0.583799 -0.234873 -0.307837
1305031112.711251 1.25996 1.08648 1.62678 0.730212 0.566889 -0.226908 -0.306496
1305031112.879421 1.22919 1.09979 1.64276 0.745639 0.56886 -0.213063 -0.273906
1305031113.043231 1.22288 1.05034 1.64209 0.744302 0.576267 -0.213834 -0.261163
1305031113.211259 1.25118 1.00691 1.64924 0.734789 0.580536 -0.241113 -0.254808
1305031113.379312 1.2458 0.906342 1.66562 0.727883 0.587539 -0.261261 -0.238173
1305031113.543242 1.21031 0.857917 1.64031 0.726245 0.595042 -0.287627 -0.189113
1305031113.711931 1.20758 0.797462 1.63518 0.71086 0.612375 -0.291241 -0.18669
1305031113.879281 1.21092 0.73207 1.62913 0.697599 0.622354 -0.289815 -0.205035
1305031114.043301 1.20582 0.650728 1.63692 0.689236 0.625309 -0.292842 -0.219512
1305031114.211303 1.19275 0.56785 1.64552 0.671039 0.640917 -0.299176 -0.222319
1305031114.379320 1.18021 0.52336 1.63949 0.653843 0.656786 -0.315889 -0.203314
1305031114.543236 1.18306 0.482834 1.6296 0.635423 0.669698 -0.333577 -0.190965
1305031114.711306 1.15356 0.456821 1.64543 0.63961 0.673693 -0.330219 -0.16731
1305031114.879281 1.15046 0.482099 1.64664 0.633932 0.676847 -0.339331 -0.157679
1305031115.043508 1.16339 0.514532 1.62706 0.63464 0.681258 -0.330146 -0.155316
1305031115.211374 1.1591 0.56849 1.59674 0.646577 0.675082 -0.315914 -0.16248
1305031115.379166 1.16013 0.658004 1.60297 0.677983 0.652116 -0.294289 -0.168755
1305031115.543604 1.14858 0.733222 1.61776 0.684301 0.655156 -0.273007 -0.167243
1305031115.711320 1.14588 0.784902 1.63022 0.708706 0.629529 -0.254863 -0.190981
1305031115.879198 1.15278 0.837845 1.63457 0.720528 0.613606 -0.231276 -0.225473
1305031116.043164 1.16315 0.895848 1.61576 0.740585 0.589487 -0.207482 -0.246963
1305031116.211299 1.18018 0.907258 1.60489 0.773276 0.550918 -0.160128 -0.269985
1305031116.379384 1.16803 0.932328 1.59804 0.78857 0.525699 -0.131401 -0.290743
1305031116.543262 1.18378 0.930367 1.60335 0.793038 0.514449 -0.139121 -0.295091
1305031116.711634 1.15578 0.864839 1.62039 0.776851 0.543021 -0.141344 -0.28575
1305031116.880165 1.08881 0.773404 1.65107 0.775337 0.559332 -0.139126 -0.258157
1305031117.043261 1.06798 0.779947 1.66146 0.758279 0.590262 -0.201867 -0.18935
1305031117.211361 1.06926 0.745198 1.64888 0.739534 0.611528 -0.236249 -0.152676
1305031117.379454 0.964341 0.767457 1.7102 0.755514 0.61576 -0.203566 -0.0927289
1305031117.544285 0.947796 0.757616 1.72659 0.754441 0.611071 -0.215332 -0.105088
1305031117.711184 0.915641 0.76118 1.73599 0.753199 0.608407 -0.227273 -0.104301
1305031117.879451 0.858851 0.787788 1.74851 0.761187 0.597553 -0.234552 -0.0922457
1305031118.043521 0.816293 0.822194 1.73961 0.763736 0.592738 -0.239479 -0.0895491
1305031118.211202 0.75807 0.838355 1.7539 0.764679 0.594168 -0.228151 -0.100887
1305031118.379208 0.703721 0.83593 1.77862 0.762899 0.593074 -0.22847 -0.118531
1305031118.544414 0.688779 0.846515 1.78739 0.768259 0.586484 -0.230131 -0.113377
1305031118.711421 0.722632 0.844148 1.76724 0.764608 0.592746 -0.225892 -0.11402
1305031118.879208 0.776423 0.830893 1.76174 0.760214 0.596634 -0.2313 -0.112261
1305031119.047172 0.825164 0.809861 1.75843 0.755316 0.607575 -0.22034 -0.108626
1305031119.211364 0.899506 0.777483 1.75209 0.753288 0.603671 -0.235539 -0.112515
1305031119.379239 0.978323 0.747136 1.73672 0.752964 0.596691 -0.248677 -0.123148
1305031119.547382 1.02441 0.729368 1.72881 0.754921 0.597148 -0.24041 -0.125346
1305031119.715232 1.09858 0.699997 1.6998 0.756074 0.600024 -0.225418 -0.132325
1305031119.879214 1.13257 0.673666 1.6785 0.768198 0.588741 -0.219647 -0.122522
1305031120.047290 1.19018 0.669374 1.6579 0.769302 0.590251 -0.212273 -0.121321
1305031120.215249 1.16874 0.667849 1.66476 0.773799 0.58651 -0.210304 -0.114075
1305031120.379437 1.15087 0.672787 1.67416 0.76421 0.591135 -0.218951 -0.136393
1305031120.547736 1.11496 0.679427 1.68358 0.759964 0.579052 -0.24672 -0.16212
1305031120.714522 1.09072 0.708277 1.68487 0.752311 0.572863 -0.277711 -0.169508
1305031120.883435 1.03863 0.723024 1.70652 0.747564 0.576808 -0.281484 -0.1709
1305031121.047498 1.03152 0.748979 1.72993 0.743027 0.576542 -0.288071 -0.180346
1305031121.211420 0.9791 0.774127 1.75507 0.739816 0.577769 -0.295239 -0.178014
1305031121.383226 0.967381 0.764966 1.74034 0.729207 0.576177 -0.308919 -0.202102
1305031121.547270 0.942205 0.773377 1.76795 0.731044 0.569348 -0.310147 -0.212663
1305031121.714520 0.895264 0.766737 1.79558 0.733682 0.572516 -0.291482 -0.221302
1305031121.882060 0.873563 0.786428 1.79762 0.741184 0.566744 -0.291536 -0.210841
1305031122.047306 0.88207 0.785659 1.77747 0.737152 0.569755 -0.296837 -0.20946
1305031122.214959 0.909108 0.797867 1.82527 0.727891 0.58851 -0.285595 -0.205588
1305031122.382630 0.961602 0.777087 1.80222 0.72545 0.603172 -0.274434 -0.185986
1305031122.551490 1.01289 0.761772 1.78694 0.723453 0.608413 -0.280246 -0.167067
1305031122.715208 1.06745 0.719612 1.77826 0.717686 0.612802 -0.278258 -0.178808
1305031122.883754 1.12495 0.709028 1.75799 0.718795 0.617537 -0.265795 -0.177015
1305031123.051827 1.15886 0.686963 1.7372 0.725056 0.613239 -0.259221 -0.176171
1305031123.214704 1.21559 0.706832 1.69954 0.730049 0.609117 -0.261329 -0.166469
1305031123.382255 1.22499 0.711424 1.68973 0.749271 0.607544 -0.22439 -0.138322
1305031123.551513 1.25897 0.690007 1.66306 0.759495 0.600322 -0.20738 -0.140623
1305031123.711323 1.30559 0.690568 1.62957 0.765812 0.594432 -0.201893 -0.139363
1305031123.883786 1.32228 0.690381 1.617 0.769831 0.58829 -0.20594 -0.137345
1305031124.051505 1.33583 0.701333 1.61031 0.759724 0.58716 -0.236997 -0.147967
1305031124.211396 1.3031 0.724317 1.62047 0.741762 0.596432 -0.261003 -0.161044
1305031124.382420 1.25312 0.748831 1.65135 0.735753 0.596595 -0.281769 -0.152798
1305031124.550437 1.19734 0.7724 1.68916 0.718917 0.605 -0.299219 -0.166139
1305031124.711251 1.14831 0.784418 1.72064 0.703568 0.611578 -0.314928 -0.178282
1305031124.879355 1.11974 0.782153 1.7297 0.691678 0.609922 -0.329617 -0.20231
1305031125.050763 1.07229 0.757544 1.76154 0.683877 0.613109 -0.324767 -0.225688
1305031125.211320 1.01227 0.763538 1.79167 0.689889 0.610909 -0.318039 -0.222925
1305031125.379401 0.975763 0.767238 1.81576 0.683842 0.614702 -0.315945 -0.233838
1305031125.551020 0.953198 0.771935 1.82955 0.689902 0.61349 -0.296417 -0.244543
1305031125.711443 0.964568 0.727568 1.82187 0.67652 0.619264 -0.293452 -0.269663
1305031125.879318 0.995397 0.724975 1.82009 0.67083 0.625156 -0.292246 -0.271586
1305031126.047324 1.03256 0.705644 1.81341 0.668105 0.637232 -0.291218 -0.250525
1305031126.211319 1.08422 0.705667 1.77158 0.6745 0.640247 -0.280159 -0.238002
1305031126.379423 1.09916 0.71978 1.75433 0.686666 0.64918 -0.249478 -0.211696
1305031126.547374 1.14249 0.719489 1.72916 0.693869 0.651519 -0.237739 -0.193777
1305031126.711583 1.14805 0.73083 1.72135 0.706604 0.651138 -0.217126 -0.172009
1305031126.879357 1.17311 0.725775 1.71938 0.715876 0.642712 -0.208195 -0.176344
1305031127.047297 1.1816 0.73269 1.71864 0.716596 0.640689 -0.211529 -0.176816
1305031127.211700 1.18289 0.712434 1.72161 0.707703 0.645698 -0.21721 -0.187216
1305031127.379262 1.16299 0.709405 1.73052 0.70531 0.646149 -0.222142 -0.188899
1305031127.547348 1.15045 0.711286 1.73311 0.701373 0.649635 -0.226498 -0.18641
1305031127.711375 1.15801 0.710484 1.72627 0.697909 0.648832 -0.234904 -0.191732
1305031127.879380 1.15717 0.705446 1.72788 0.697156 0.648731 -0.23543 -0.194151
1305031128.047369 1.14557 0.733081 1.7123 0.703118 0.64526 -0.243159 -0.173601
1305031128.211447 1.12055 0.729401 1.71943 0.707516 0.642582 -0.239624 -0.170557
1305031128.379404 1.12725 0.725291 1.71745 0.704851 0.643141 -0.242416 -0.175471
1305031128.547399 1.11735 0.716841 1.72263 0.701751 0.648451 -0.234879 -0.178575
1305031128.711457 1.11391 0.718505 1.7314 0.700507 0.649221 -0.237386 -0.177344
