1305031102.175304 1.3405 0.6266 1.6575 0.657428 0.612626 -0.294913 -0.324814
1305031102.375329 1.28452 0.630696 1.59894 0.660913 0.623171 -0.293179 -0.298156
1305031102.575286 1.22584 0.635127 1.54356 0.662629 0.636637 -0.279814 -0.278066
1305031102.775472 1.17817 0.634261 1.48108 0.665569 0.632067 -0.281535 -0.279728
1305031102.975203 1.13935 0.613729 1.43031 0.664665 0.63366 -0.271134 -0.288412
1305031103.143318 1.10598 0.620676 1.37334 0.665636 0.631868 -0.288196 -0.273156
1305031103.343223 1.08189 0.622652 1.33815 0.673553 0.639501 -0.28262 -0.23977
1305031103.511333 1.082 0.623256 1.36057 0.673001 0.642817 -0.281684 -0.233477
1305031103.675523 1.10747 0.622788 1.41335 0.665445 0.64227 -0.297494 -0.236999
1305031103.843251 1.15357 0.623065 1.4716 0.65826 0.647338 -0.295209 -0.245964
1305031104.011232 1.17618 0.637355 1.54023 0.650006 0.656816 -0.300628 -0.236026
1305031104.175424 1.22615 0.640374 1.6066 0.645841 0.649114 -0.296965 -0.270837
1305031104.343342 1.26953 0.642179 1.65827 0.643474 0.63962 -0.29939 -0.295284
1305031104.511329 1.30614 0.629502 1.7046 0.648058 0.63381 -0.295163 -0.301966
1305031104.675525 1.32169 0.661734 1.75301 0.643324 0.615254 -0.313852 -0.330293
1305031104.843258 1.38422 0.659035 1.77745 0.638291 0.572896 -0.333654 -0.391215
1305031105.011290 1.40102 0.656594 1.74949 0.641176 0.563451 -0.338593 -0.395943
1305031105.175159 1.36652 0.646769 1.6966 0.645765 0.586358 -0.318094 -0.371469
1305031105.343302 1.29702 0.636832 1.65013 0.652476 0.6174 -0.302553 -0.318674
1305031105.511332 1.24405 0.634021 1.59774 0.652619 0.632267 -0.300647 -0.289721
1305031105.711309 1.17212 0.639875 1.54033 0.658867 0.634467 -0.297054 -0.274052
1305031105.875337 1.13473 0.648445 1.49308 0.667249 0.623556 -0.290114 -0.285989
1305031106.043355 1.09977 0.654947 1.43984 0.684727 0.618264 -0.274262 -0.271438
1305031106.211275 1.0679 0.652094 1.39016 0.695029 0.621484 -0.265419 -0.24545
1305031106.375388 1.06029 0.657185 1.3537 0.699643 0.626178 -0.263274 -0.221557
1305031106.543302 1.06224 0.639846 1.3805 0.690729 0.637269 -0.248767 -0.234301
1305031106.711508 1.09601 0.639882 1.42895 0.681787 0.643891 -0.259987 -0.230168
1305031106.875905 1.13476 0.644528 1.49181 0.668222 0.653368 -0.275806 -0.224767
1305031107.043281 1.19337 0.63263 1.56695 0.654965 0.656795 -0.271087 -0.257203
1305031107.211358 1.23699 0.638016 1.633 0.648823 0.652224 -0.278693 -0.275613
1305031107.375413 1.2843 0.641598 1.6839 0.641401 0.633548 -0.292727 -0.318641
1305031107.543605 1.30659 0.659201 1.70251 0.644865 0.620922 -0.291311 -0.337258
1305031107.711307 1.3099 0.669334 1.69111 0.652645 0.616073 -0.288858 -0.333271
1305031107.875358 1.30264 0.672834 1.67534 0.651467 0.624834 -0.28389 -0.323387
1305031108.043418 1.29693 0.71233 1.66905 0.650883 0.616437 -0.27863 -0.34456
1305031108.211475 1.29154 0.754133 1.64743 0.663652 0.60086 -0.265428 -0.357885
1305031108.375410 1.28652 0.803335 1.62367 0.674059 0.598828 -0.255318 -0.349089
1305031108.543737 1.27366 0.88844 1.61938 0.693672 0.586163 -0.25889 -0.328949
1305031108.711411 1.29285 0.949946 1.59918 0.706188 0.568984 -0.246882 -0.341475
1305031108.876515 1.30182 0.991771 1.60446 0.721365 0.552993 -0.25165 -0.33242
1305031109.043277 1.30182 0.991771 1.60446 0.713448 0.554125 -0.275391 -0.328783
1305031109.211379 1.31463 0.951437 1.62436 0.705811 0.572704 -0.276629 -0.311956
1305031109.375397 1.28792 0.908392 1.66051 0.715402 0.580179 -0.284859 -0.265421
1305031109.543294 1.28651 0.841024 1.68098 0.701259 0.600118 -0.28602 -0.257463
1305031109.711312 1.29838 0.771573 1.68154 0.699397 0.603283 -0.286494 -0.254588
1305031109.875306 1.28314 0.712169 1.67084 0.698944 0.614234 -0.281608 -0.234288
1305031110.043299 1.26333 0.643738 1.66137 0.679281 0.643269 -0.27337 -0.223722
1305031110.211637 1.24409 0.580867 1.65592 0.668761 0.662657 -0.264332 -0.20922
1305031110.379281 1.24181 0.535584 1.66074 0.657478 0.669175 -0.282331 -0.200542
1305031110.543408 1.24338 0.479399 1.64948 0.636623 0.689794 -0.294093 -0.180009
1305031110.711412 1.23441 0.440916 1.63777 0.622813 0.706152 -0.29379 -0.164747
1305031110.879313 1.2315 0.428415 1.63651 0.616496 0.712394 -0.295582 -0.158299
1305031111.043327 1.23262 0.457273 1.62985 0.619624 0.710466 -0.293009 -0.159531
1305031111.211433 1.23388 0.502941 1.62787 0.631956 0.699948 -0.285392 -0.171044
1305031111.379134 1.22913 0.551048 1.62782 0.640085 0.690606 -0.287671 -0.17493
1305031111.543250 1.23697 0.610382 1.62885 0.638215 0.684969 -0.287998 -0.201385
1305031111.711760 1.24897 0.681918 1.62317 0.663323 0.653806 -0.289325 -0.220978
1305031111.879442 1.25866 0.723369 1.62839 0.684556 0.62658 -0.257444 -0.269263
1305031112.043270 1.26043 0.803893 1.60633 0.699547 0.602561 -0.270295 -0.272937
1305031112.211254 1.25601 0.83166 1.59334 0.693922 0.604999 -0.229248 -0.31606
1305031112.379360 1.27169 0.868542 1.60807 0.684685 0.593778 -0.234895 -0.351368
1305031112.543212 1.304 0.968548 1.64405 0.703097 0.566926 -0.275132 -0.329472
1305031112.711251 1.31509 1.03855 1.65342 0.722869 0.548733 -0.276527 -0.316045
1305031112.879421 1.30787 1.03853 1.63746 0.734182 0.549095 -0.267416 -0.296582
1305031113.043231 1.30499 1.01756 1.62257 0.732047 0.557011 -0.276546 -0.278151
1305031113.211259 1.27577 0.933743 1.64801 0.725667 0.571477 -0.268389 -0.273475
1305031113.379312 1.2757 0.891697 1.65395 0.719463 0.574152 -0.303382 -0.246336
1305031113.543242 1.26176 0.833669 1.6716 0.704541 0.595406 -0.316964 -0.220562
1305031113.711931 1.25258 0.765935 1.67074 0.687721 0.617481 -0.312805 -0.218884
1305031113.879281 1.24363 0.691056 1.68621 0.67338 0.633529 -0.299602 -0.235455
1305031114.043301 1.25596 0.617658 1.69375 0.656397 0.640531 -0.304737 -0.256901
1305031114.211303 1.25979 0.571432 1.69362 0.639188 0.649952 -0.324343 -0.252591
1305031114.379320 1.2522 0.525492 1.69849 0.623794 0.665637 -0.335743 -0.234704
1305031114.543236 1.24815 0.492425 1.70074 0.610021 0.676899 -0.350458 -0.216476
1305031114.711306 1.23644 0.47505 1.70399 0.612907 0.679013 -0.354007 -0.194849
1305031114.879281 1.24335 0.484448 1.7028 0.603098 0.685106 -0.359094 -0.194818
1305031115.043508 1.24254 0.514972 1.68922 0.605556 0.690691 -0.347216 -0.188912
1305031115.211374 1.2294 0.562974 1.67345 0.620321 0.685128 -0.328533 -0.194597
1305031115.379166 1.23041 0.612539 1.6527 0.642521 0.662719 -0.319666 -0.213975
1305031115.543604 1.20765 0.716253 1.61989 0.662775 0.6495 -0.320485 -0.190181
1305031115.711320 1.21301 0.781416 1.61596 0.694155 0.61536 -0.313151 -0.203511
1305031115.879198 1.20873 0.847048 1.59981 0.726935 0.579339 -0.296226 -0.219503
1305031116.043164 1.20942 0.927153 1.57428 0.746825 0.558512 -0.281964 -0.22542
1305031116.211299 1.21748 1.08306 1.54197 0.758757 0.554577 -0.281732 -0.193286
1305031116.379384 1.195 1.10786 1.53238 0.778334 0.535921 -0.252414 -0.208021
1305031116.543262 1.20009 1.13462 1.55183 0.782402 0.530824 -0.259133 -0.197288
1305031116.711634 1.23275 0.964345 1.5269 0.756587 0.545832 -0.255245 -0.253957
1305031116.880165 1.24967 0.810881 1.5154 0.727335 0.572787 -0.252044 -0.281731
1305031117.043261 1.26589 0.739135 1.55981 0.69175 0.616955 -0.277708 -0.25244
1305031117.211361 1.27506 0.722765 1.53195 0.670324 0.63609 -0.317695 -0.212428
1305031117.379454 1.26118 0.710262 1.53391 0.666984 0.647554 -0.305606 -0.205938
1305031117.544285 1.24623 0.710886 1.5578 0.665557 0.641721 -0.318856 -0.208708
1305031117.711184 1.21626 0.712692 1.58066 0.662392 0.641045 -0.329401 -0.204434
1305031117.879451 1.1709 0.724443 1.60073 0.664888 0.635723 -0.337975 -0.198881
1305031118.043521 1.12063 0.724881 1.62524 0.667764 0.634696 -0.331825 -0.202842
1305031118.211202 1.07135 0.725884 1.65328 0.669571 0.632564 -0.32261 -0.217855
1305031118.379208 1.03519 0.729207 1.67464 0.663254 0.626763 -0.334976 -0.234635
1305031118.544414 1.03109 0.73283 1.66249 0.663666 0.620338 -0.344877 -0.236194
1305031118.711421 1.0519 0.727661 1.64521 0.661901 0.627191 -0.333465 -0.239416
1305031118.879208 1.10443 0.727956 1.61167 0.657366 0.629345 -0.340061 -0.236966
1305031119.047172 1.15978 0.715502 1.59451 0.654046 0.639462 -0.32686 -0.237645
1305031119.211364 1.21657 0.707423 1.57675 0.649454 0.642348 -0.33634 -0.22907
1305031119.379239 1.27098 0.697092 1.54515 0.649794 0.638429 -0.344321 -0.2272
1305031119.547382 1.31801 0.69169 1.51015 0.653232 0.636291 -0.340848 -0.22857
1305031119.715232 1.36114 0.68274 1.46804 0.662294 0.637814 -0.324304 -0.22223
1305031119.879214 1.38942 0.679494 1.43479 0.674539 0.631495 -0.321911 -0.20636
1305031120.047290 1.42135 0.667897 1.41005 0.684633 0.630793 -0.304749 -0.201258
1305031120.215249 1.40925 0.678361 1.41468 0.686921 0.628176 -0.312069 -0.190124
1305031120.379437 1.37305 0.687382 1.44531 0.680031 0.630587 -0.315537 -0.200882
1305031120.547736 1.31702 0.69796 1.47761 0.673905 0.621419 -0.338557 -0.212297
1305031120.714522 1.26712 0.710203 1.49725 0.669046 0.614523 -0.36099 -0.210773
1305031120.883435 1.21774 0.722204 1.52366 0.663386 0.615616 -0.368964 -0.211663
1305031121.047498 1.18116 0.723707 1.55361 0.658991 0.618336 -0.367721 -0.219484
1305031121.211420 1.13403 0.734892 1.58506 0.654399 0.617252 -0.376801 -0.220867
1305031121.383226 1.08606 0.743293 1.61755 0.654434 0.612853 -0.384166 -0.220329
1305031121.547270 1.0504 0.747046 1.64001 0.655587 0.60548 -0.388556 -0.229399
1305031121.714520 1.01345 0.751368 1.66668 0.659358 0.606092 -0.377825 -0.234837
1305031121.882060 0.989848 0.759012 1.67365 0.671063 0.598747 -0.375917 -0.223299
1305031122.047306 1.00241 0.75654 1.66187 0.665747 0.602975 -0.378474 -0.223515
1305031122.214959 1.05897 0.735913 1.63159 0.650851 0.617505 -0.368774 -0.243078
1305031122.382630 1.1171 0.71859 1.61141 0.646158 0.637749 -0.349772 -0.231116
1305031122.551490 1.17002 0.713819 1.58594 0.63984 0.648727 -0.35282 -0.212785
1305031122.715208 1.22351 0.701152 1.56476 0.641108 0.64778 -0.354011 -0.209853
1305031122.883754 1.27359 0.695328 1.52537 0.643536 0.652243 -0.341085 -0.210003
1305031123.051827 1.30591 0.69106 1.50304 0.652538 0.648141 -0.337585 -0.200358
1305031123.214704 1.35267 0.682031 1.46534 0.659275 0.646682 -0.32674 -0.200999
1305031123.382255 1.38782 0.680238 1.42074 0.674472 0.646063 -0.301895 -0.191181
1305031123.551513 1.42014 0.679919 1.39253 0.688453 0.638735 -0.29165 -0.181632
1305031123.711323 1.44489 0.685819 1.36115 0.697432 0.636525 -0.28038 -0.172658
1305031123.883786 1.44904 0.686656 1.35893 0.703364 0.633834 -0.277724 -0.162486
1305031124.051505 1.42991 0.690441 1.37465 0.698356 0.633628 -0.291196 -0.161306
1305031124.211396 1.38633 0.701109 1.40205 0.687145 0.636613 -0.307433 -0.167454
1305031124.382420 1.34841 0.706654 1.43549 0.676175 0.637662 -0.32644 -0.172079
1305031124.550437 1.30783 0.71259 1.47688 0.662196 0.636562 -0.345911 -0.191392
1305031124.711251 1.25817 0.719592 1.5119 0.647755 0.637948 -0.363012 -0.2041
1305031124.879355 1.19738 0.729652 1.5419 0.641343 0.637584 -0.372572 -0.208219
1305031125.050763 1.14462 0.732521 1.56607 0.642205 0.631634 -0.37893 -0.212185
1305031125.211320 1.09749 0.734636 1.59189 0.646131 0.62795 -0.378004 -0.212851
1305031125.379401 1.0617 0.735886 1.60856 0.639497 0.629297 -0.379206 -0.226343
1305031125.551020 1.03856 0.736289 1.6217 0.645549 0.628632 -0.36148 -0.239625
1305031125.711443 1.0441 0.73139 1.63703 0.645525 0.624333 -0.36669 -0.242992
1305031125.879318 1.09118 0.724985 1.61125 0.639184 0.626865 -0.368862 -0.24985
1305031126.047324 1.13566 0.724201 1.57433 0.636314 0.633257 -0.379558 -0.223663
1305031126.211319 1.17862 0.721587 1.53294 0.643657 0.639804 -0.364514 -0.208535
1305031126.379423 1.22545 0.715502 1.4932 0.649613 0.647402 -0.341739 -0.205153
1305031126.547374 1.26824 0.712654 1.45971 0.656574 0.651204 -0.330188 -0.189264
1305031126.711583 1.29641 0.716753 1.4352 0.670947 0.646859 -0.317263 -0.175349
1305031126.879357 1.31728 0.722006 1.42223 0.679386 0.639432 -0.313617 -0.176652
1305031127.047297 1.32474 0.722422 1.42286 0.682023 0.63598 -0.314486 -0.177406
1305031127.211700 1.31486 0.724294 1.42749 0.678185 0.637033 -0.323689 -0.171697
1305031127.379262 1.29884 0.724849 1.43712 0.673596 0.638113 -0.32941 -0.17484
1305031127.547348 1.28337 0.72366 1.4417 0.669418 0.641253 -0.332603 -0.17335
1305031127.711375 1.27998 0.721259 1.44348 0.668723 0.640118 -0.335674 -0.174305
1305031127.879380 1.27415 0.720367 1.44795 0.66714 0.641759 -0.3357 -0.174284
1305031128.047369 1.26532 0.722218 1.44309 0.667158 0.643954 -0.334555 -0.168215
1305031128.211447 1.25595 0.724762 1.44522 0.669652 0.640439 -0.337136 -0.166562
1305031128.379404 1.25427 0.722484 1.44802 0.667833 0.642344 -0.336579 -0.167655
1305031128.547399 1.25227 0.721706 1.45208 0.665083 0.645283 -0.335039 -0.170364
1305031128.711457 1.24928 0.722932 1.45714 0.66325 0.645691 -0.337747 -0.170613
