1305031102.175304 1.3405 0.6266 1.6575 0.657428 0.612626 -0.294913 -0.324814
1305031102.375329 1.28362 0.630354 1.59671 0.66138 0.622958 -0.292867 -0.297873
1305031102.575286 1.22352 0.635065 1.53927 0.663446 0.636555 -0.279248 -0.276871
1305031102.775472 1.17812 0.633519 1.47557 0.666462 0.632019 -0.280524 -0.278724
1305031102.975203 1.14056 0.612555 1.42441 0.66532 0.634155 -0.269588 -0.287261
1305031103.143318 1.10855 0.619127 1.36764 0.666917 0.632132 -0.28592 -0.271809
1305031103.343223 1.08288 0.620927 1.33212 0.675621 0.639571 -0.279373 -0.237562
1305031103.511333 1.08243 0.621526 1.35415 0.675077 0.642759 -0.278588 -0.231346
1305031103.675523 1.10994 0.624019 1.40144 0.666893 0.640843 -0.298431 -0.23561
1305031103.843251 1.15447 0.624488 1.46118 0.659384 0.646146 -0.296394 -0.244662
1305031104.011232 1.17511 0.639464 1.53064 0.651134 0.655484 -0.30228 -0.234503
1305031104.175424 1.22546 0.642696 1.59838 0.646933 0.647812 -0.298528 -0.269626
1305031104.343342 1.26949 0.644308 1.652 0.644534 0.638368 -0.300612 -0.29444
1305031104.511329 1.30559 0.631973 1.69982 0.649185 0.632672 -0.296082 -0.301032
1305031104.675525 1.32309 0.661573 1.75037 0.644257 0.614137 -0.313931 -0.33048
1305031104.843258 1.38874 0.655695 1.77624 0.63898 0.571554 -0.333109 -0.392516
1305031105.011290 1.40605 0.655792 1.74981 0.641843 0.562494 -0.338184 -0.396572
1305031105.175159 1.37007 0.643819 1.69602 0.646377 0.585596 -0.317074 -0.372475
1305031105.343302 1.29423 0.640279 1.65078 0.653199 0.617972 -0.301903 -0.316696
1305031105.511332 1.23917 0.641834 1.59611 0.653528 0.632901 -0.301215 -0.285669
1305031105.711309 1.16747 0.646484 1.53643 0.659693 0.635052 -0.297598 -0.270092
1305031105.875337 1.14018 0.661486 1.47119 0.665831 0.625056 -0.29239 -0.283695
1305031106.043355 1.10242 0.670241 1.39755 0.683036 0.618951 -0.274528 -0.273851
1305031106.211275 1.07174 0.665043 1.32926 0.693836 0.619895 -0.262561 -0.255702
1305031106.375388 1.06247 0.673916 1.28917 0.700227 0.623391 -0.258356 -0.233065
1305031106.543302 1.05596 0.646561 1.31433 0.690172 0.637363 -0.241111 -0.243509
1305031106.711508 1.08189 0.644009 1.38122 0.682722 0.643846 -0.252967 -0.235288
1305031106.875905 1.11327 0.648586 1.46293 0.671297 0.651876 -0.271865 -0.224739
1305031107.043281 1.16517 0.622504 1.54812 0.653487 0.659594 -0.269894 -0.255046
1305031107.211358 1.2125 0.619561 1.6222 0.644487 0.655751 -0.281404 -0.274661
1305031107.375413 1.28237 0.616208 1.66755 0.630192 0.638752 -0.302227 -0.321735
1305031107.543605 1.31195 0.627996 1.67082 0.630648 0.625355 -0.304599 -0.344142
1305031107.711307 1.31191 0.639123 1.65746 0.638401 0.619974 -0.302453 -0.341467
1305031107.875358 1.29894 0.643842 1.64455 0.638614 0.628726 -0.296525 -0.330074
1305031108.043418 1.2968 0.680386 1.62787 0.634865 0.622676 -0.292757 -0.351447
1305031108.211475 1.28521 0.721584 1.59219 0.64398 0.609764 -0.280397 -0.367228
1305031108.375410 1.27038 0.774369 1.56088 0.654048 0.608014 -0.271298 -0.359079
1305031108.543737 1.2499 0.860433 1.54975 0.674412 0.593359 -0.275257 -0.34253
1305031108.711411 1.26049 0.918613 1.52156 0.684442 0.577941 -0.264572 -0.357107
1305031108.876515 1.25702 0.942422 1.5264 0.700478 0.561132 -0.262311 -0.354477
1305031109.043277 1.2639 0.924245 1.53179 0.692383 0.562745 -0.27818 -0.355725
1305031109.211379 1.28421 0.903909 1.56751 0.68969 0.576932 -0.286804 -0.330485
1305031109.375397 1.29067 0.897304 1.5813 0.695805 0.579355 -0.31414 -0.285516
1305031109.543294 1.29794 0.885322 1.58473 0.677889 0.599432 -0.333113 -0.264922
1305031109.711312 1.30734 0.828326 1.59069 0.676094 0.603694 -0.333839 -0.258848
1305031109.875306 1.29271 0.774328 1.58406 0.675827 0.614824 -0.328974 -0.2388
1305031110.043299 1.27408 0.714407 1.57456 0.655883 0.64406 -0.322123 -0.226365
1305031110.211637 1.25607 0.656765 1.56942 0.645148 0.6638 -0.313579 -0.211711
1305031110.379281 1.26025 0.622983 1.57716 0.63333 0.669134 -0.332716 -0.20113
1305031110.543408 1.26371 0.580711 1.57062 0.612567 0.688413 -0.345366 -0.177684
1305031110.711412 1.2549 0.548083 1.56127 0.598689 0.704581 -0.345037 -0.161512
1305031110.879313 1.2529 0.536074 1.56144 0.591881 0.710786 -0.346854 -0.15541
1305031111.043327 1.25179 0.564607 1.55278 0.595152 0.708966 -0.344422 -0.156632
1305031111.211433 1.24991 0.609601 1.5473 0.608519 0.698619 -0.336977 -0.16758
1305031111.379134 1.2423 0.656352 1.5444 0.616892 0.689529 -0.338792 -0.170923
1305031111.543250 1.24412 0.718884 1.53723 0.616407 0.682851 -0.339783 -0.195717
1305031111.711760 1.25028 0.786129 1.52456 0.642905 0.651997 -0.34024 -0.214031
1305031111.879442 1.25561 0.828854 1.52284 0.66832 0.624153 -0.309391 -0.260879
1305031112.043270 1.2498 0.900399 1.49298 0.68245 0.600766 -0.320779 -0.26541
1305031112.211254 1.2405 0.931765 1.47509 0.681127 0.601135 -0.282026 -0.308487
1305031112.379360 1.25191 0.972429 1.48313 0.673861 0.588671 -0.287231 -0.341873
1305031112.543212 1.27504 1.06409 1.50828 0.688478 0.566615 -0.32174 -0.318478
1305031112.711251 1.28771 1.14514 1.52812 0.707717 0.551928 -0.324219 -0.298989
1305031112.879421 1.27192 1.10506 1.49413 0.716538 0.553126 -0.306967 -0.293932
1305031113.043231 1.26998 1.0918 1.4861 0.71302 0.561991 -0.318185 -0.272995
1305031113.211259 1.25016 1.00959 1.51956 0.707517 0.57513 -0.310811 -0.268405
1305031113.379312 1.25255 0.945404 1.52621 0.699466 0.57769 -0.340785 -0.246754
1305031113.543242 1.2425 0.880728 1.54698 0.683547 0.598325 -0.353479 -0.22321
1305031113.711931 1.23688 0.812744 1.5484 0.667392 0.618067 -0.350677 -0.222725
1305031113.879281 1.23199 0.740785 1.56671 0.655238 0.631436 -0.338937 -0.238902
1305031114.043301 1.24553 0.667546 1.57659 0.640217 0.636301 -0.343589 -0.259209
1305031114.211303 1.24907 0.61726 1.57666 0.622141 0.645145 -0.362477 -0.255614
1305031114.379320 1.24244 0.568142 1.5832 0.605489 0.660914 -0.373711 -0.23857
1305031114.543236 1.23896 0.531908 1.58639 0.590195 0.672509 -0.388022 -0.220999
1305031114.711306 1.22889 0.511648 1.59186 0.591991 0.675727 -0.391239 -0.199677
1305031114.879281 1.23466 0.522887 1.58882 0.581705 0.681513 -0.396607 -0.199656
1305031115.043508 1.23215 0.555917 1.57296 0.583919 0.687366 -0.38579 -0.194249
1305031115.211374 1.21654 0.605262 1.55581 0.599644 0.681956 -0.367835 -0.200153
1305031115.379166 1.21495 0.654478 1.53334 0.623232 0.659516 -0.35874 -0.218919
1305031115.543604 1.18612 0.751993 1.49285 0.64211 0.647715 -0.359586 -0.197124
1305031115.711320 1.19001 0.819174 1.48884 0.674586 0.614863 -0.351381 -0.208346
1305031115.879198 1.18543 0.880997 1.47306 0.709464 0.579472 -0.332568 -0.224213
1305031116.043164 1.18303 0.963336 1.44672 0.731159 0.558813 -0.31821 -0.227767
1305031116.211299 1.1771 1.08623 1.41299 0.746348 0.553939 -0.306393 -0.205523
1305031116.379384 1.16007 1.16277 1.41471 0.763966 0.54075 -0.291577 -0.197302
1305031116.543262 1.17215 1.14384 1.42349 0.769527 0.530125 -0.28917 -0.207789
1305031116.711634 1.19698 1.0286 1.42201 0.743998 0.550117 -0.293614 -0.24006
1305031116.880165 1.213 1.02322 1.44677 0.702464 0.597505 -0.323196 -0.212312
1305031117.043261 1.24047 0.931157 1.49765 0.665676 0.632752 -0.343607 -0.196048
1305031117.211361 1.24537 0.903246 1.46308 0.63865 0.648326 -0.383275 -0.157794
1305031117.379454 1.23326 0.891113 1.46665 0.634144 0.659997 -0.372941 -0.152252
1305031117.544285 1.21904 0.893361 1.49083 0.633009 0.653156 -0.385894 -0.154186
1305031117.711184 1.18988 0.894723 1.51451 0.629408 0.651638 -0.396033 -0.149566
1305031117.879451 1.14414 0.903805 1.5348 0.631665 0.646008 -0.403905 -0.143295
1305031118.043521 1.09494 0.901826 1.56106 0.634962 0.645508 -0.39801 -0.147413
1305031118.211202 1.04681 0.90077 1.59048 0.638087 0.643823 -0.389637 -0.162849
1305031118.379208 1.01099 0.902864 1.61284 0.63304 0.636606 -0.402381 -0.179117
1305031118.544414 1.00611 0.904328 1.60058 0.633755 0.629548 -0.41189 -0.179917
1305031118.711421 1.02673 0.899231 1.58336 0.632031 0.637012 -0.401109 -0.18402
1305031118.879208 1.07772 0.901398 1.54809 0.627096 0.638522 -0.407618 -0.18135
1305031119.047172 1.13359 0.89313 1.53029 0.623488 0.649258 -0.395175 -0.183203
1305031119.211364 1.18972 0.889694 1.51204 0.618015 0.651274 -0.404388 -0.17427
1305031119.379239 1.24384 0.881681 1.48062 0.618358 0.646828 -0.411955 -0.171873
1305031119.547382 1.28969 0.876902 1.4454 0.622096 0.645142 -0.408379 -0.173251
1305031119.715232 1.33109 0.866959 1.40373 0.630991 0.648519 -0.391504 -0.167325
1305031119.879214 1.3582 0.862162 1.37109 0.64277 0.643397 -0.387419 -0.150976
1305031120.047290 1.38928 0.85103 1.34735 0.652956 0.644645 -0.369818 -0.146001
1305031120.215249 1.3764 0.860284 1.35116 0.654683 0.641752 -0.376124 -0.134443
1305031120.379437 1.34125 0.868969 1.3813 0.648206 0.643327 -0.380447 -0.145669
1305031120.547736 1.28768 0.877256 1.4133 0.642929 0.631878 -0.40361 -0.156433
1305031120.714522 1.23901 0.886369 1.43261 0.638018 0.623055 -0.425449 -0.154042
1305031120.883435 1.1913 0.896405 1.45724 0.632097 0.623132 -0.433821 -0.154786
1305031121.047498 1.15675 0.897791 1.48626 0.627879 0.625526 -0.433532 -0.162899
1305031121.211420 1.11167 0.908074 1.51603 0.623195 0.623402 -0.442835 -0.164
1305031121.383226 1.06617 0.915219 1.54795 0.623313 0.618489 -0.449792 -0.163219
1305031121.547270 1.03307 0.917644 1.56987 0.625329 0.610784 -0.454168 -0.172158
1305031121.714520 0.997403 0.92035 1.59566 0.629566 0.612223 -0.443875 -0.17834
1305031121.882060 0.974029 0.924739 1.60426 0.641266 0.606032 -0.440048 -0.166916
1305031122.047306 0.985837 0.922894 1.59197 0.635607 0.60968 -0.443195 -0.16695
1305031122.214959 1.04036 0.906508 1.56117 0.620886 0.623741 -0.436482 -0.186899
1305031122.382630 1.09484 0.89365 1.54268 0.614508 0.645248 -0.41848 -0.175811
1305031122.551490 1.14464 0.892404 1.51746 0.606329 0.655747 -0.421509 -0.157136
1305031122.715208 1.19712 0.883131 1.49771 0.607504 0.654838 -0.422402 -0.153958
1305031122.883754 1.24357 0.877466 1.4588 0.609974 0.660412 -0.409774 -0.154509
1305031123.051827 1.27397 0.873389 1.43789 0.618942 0.657258 -0.40498 -0.144616
1305031123.214704 1.31703 0.864999 1.40179 0.626238 0.657142 -0.393763 -0.144709
1305031123.382255 1.34694 0.860596 1.35945 0.641841 0.659546 -0.367208 -0.134895
1305031123.551513 1.37618 0.859929 1.3328 0.656245 0.654009 -0.35497 -0.124944
1305031123.711323 1.40045 0.8633 1.29631 0.664807 0.65216 -0.344738 -0.117795
1305031123.883786 1.39712 0.867831 1.30525 0.671722 0.652133 -0.336317 -0.101996
1305031124.051505 1.37788 0.871501 1.32074 0.66654 0.650713 -0.349602 -0.100371
1305031124.211396 1.33381 0.88065 1.34747 0.655482 0.651844 -0.36622 -0.106422
1305031124.382420 1.29592 0.886327 1.38061 0.644647 0.650868 -0.385426 -0.11067
1305031124.550437 1.25533 0.893167 1.4216 0.631954 0.647432 -0.405764 -0.1297
1305031124.711251 1.20554 0.899165 1.45645 0.61823 0.646664 -0.423508 -0.142331
1305031124.879355 1.1442 0.906192 1.48626 0.612085 0.645224 -0.433185 -0.146246
1305031125.050763 1.09164 0.906299 1.51086 0.613544 0.63882 -0.439419 -0.149611
1305031125.211320 1.04469 0.906513 1.53745 0.617746 0.635466 -0.438275 -0.149958
1305031125.379401 1.00898 0.906046 1.5545 0.612024 0.636192 -0.440339 -0.163669
1305031125.551020 0.986047 0.905561 1.56791 0.619191 0.636976 -0.423502 -0.177508
1305031125.711443 0.992233 0.903481 1.58366 0.619627 0.632315 -0.428555 -0.1805
1305031125.879318 1.03948 0.899086 1.55817 0.613573 0.634359 -0.431139 -0.187712
1305031126.047324 1.08372 0.898382 1.521 0.608345 0.640109 -0.440601 -0.161393
1305031126.211319 1.12662 0.895012 1.47946 0.614294 0.648248 -0.425238 -0.146938
1305031126.379423 1.17381 0.888874 1.4398 0.61974 0.657725 -0.402953 -0.144739
1305031126.547374 1.21668 0.886324 1.40605 0.625474 0.662804 -0.390843 -0.129289
1305031126.711583 1.24422 0.890096 1.38052 0.639242 0.66026 -0.377009 -0.115286
1305031126.879357 1.26418 0.895882 1.36651 0.648253 0.653587 -0.37298 -0.116093
1305031127.047297 1.27158 0.897179 1.36697 0.651146 0.650239 -0.373635 -0.116598
1305031127.211700 1.26156 0.898568 1.37162 0.646781 0.6505 -0.382478 -0.110614
1305031127.379262 1.24558 0.898613 1.38154 0.642326 0.6509 -0.388358 -0.113686
1305031127.547348 1.23035 0.896313 1.3867 0.637856 0.653588 -0.391601 -0.112299
1305031127.711375 1.22726 0.893807 1.38888 0.637272 0.652201 -0.394625 -0.113092
1305031127.879380 1.22158 0.892914 1.39359 0.6356 0.653744 -0.394748 -0.113163
1305031128.047369 1.21255 0.893053 1.38879 0.635078 0.656063 -0.393399 -0.107212
1305031128.211447 1.20293 0.894783 1.39081 0.637627 0.652557 -0.395646 -0.105186
1305031128.379404 1.20155 0.89275 1.39394 0.635785 0.654376 -0.39527 -0.106443
1305031128.547399 1.19969 0.892299 1.39807 0.633071 0.65722 -0.394083 -0.109461
1305031128.711457 1.19674 0.89371 1.40306 0.631229 0.65733 -0.396758 -0.109775
