1305031102.175304 1.3405 0.6266 1.6575 0.657428 0.612626 -0.294913 -0.324814
1305031102.375329 1.29441 0.628706 1.59343 0.660627 0.620307 -0.295095 -0.302838
1305031102.575286 1.25045 0.610436 1.53301 0.659316 0.633241 -0.277071 -0.295871
1305031102.775472 1.19328 0.620083 1.47966 0.664566 0.630669 -0.275253 -0.291282
1305031102.975203 1.14158 0.608518 1.4095 0.661741 0.632615 -0.267813 -0.300288
1305031103.143318 1.14596 0.604731 1.34043 0.6534 0.625471 -0.293256 -0.309605
1305031103.343223 1.11948 0.592465 1.29797 0.664914 0.628706 -0.286178 -0.284111
1305031103.511333 1.09175 0.60379 1.30721 0.664937 0.632893 -0.290413 -0.270123
1305031103.675523 1.07132 0.512855 1.40723 0.651264 0.651695 -0.25204 -0.296016
1305031103.843251 1.13464 0.498636 1.45422 0.643763 0.652764 -0.253953 -0.308183
1305031104.011232 1.07256 0.515658 1.54965 0.64113 0.676849 -0.240374 -0.270273
1305031104.175424 1.09991 0.561788 1.62535 0.630636 0.678191 -0.243874 -0.287889
1305031104.343342 1.14234 0.58088 1.67805 0.635786 0.663017 -0.2569 -0.300312
1305031104.511329 1.20108 0.551996 1.69398 0.633355 0.655372 -0.25797 -0.320625
1305031104.675525 1.14422 0.622293 1.81563 0.624472 0.657476 -0.2617 -0.330565
1305031104.843258 1.21794 0.560082 1.8461 0.620092 0.618317 -0.273729 -0.397797
1305031105.011290 1.30137 0.573271 1.78361 0.610741 0.610025 -0.283609 -0.417649
1305031105.175159 1.23418 0.565066 1.79599 0.628674 0.630581 -0.253158 -0.378216
1305031105.343302 1.14189 0.612887 1.74349 0.632034 0.662562 -0.245224 -0.318448
1305031105.511332 1.09 0.61405 1.69322 0.633364 0.676239 -0.239766 -0.289937
1305031105.711309 0.991202 0.644163 1.67361 0.648747 0.680507 -0.226823 -0.254142
1305031105.875337 0.973668 0.704208 1.62271 0.657712 0.669322 -0.226669 -0.260853
1305031106.043355 0.971005 0.719441 1.54983 0.678046 0.652943 -0.219622 -0.256291
1305031106.211275 0.941324 0.673729 1.50758 0.667544 0.671447 -0.182369 -0.265114
1305031106.375388 0.946668 0.684444 1.47244 0.667051 0.678162 -0.178604 -0.251474
1305031106.543302 0.889733 0.705707 1.46339 0.670794 0.686402 -0.177957 -0.217301
1305031106.711508 0.898517 0.712828 1.53402 0.667598 0.694689 -0.184514 -0.194099
1305031106.875905 1.02277 0.648696 1.54825 0.619311 0.713241 -0.197966 -0.261822
1305031107.043281 1.09122 0.646896 1.61819 0.600022 0.717377 -0.205588 -0.288229
1305031107.211358 1.18076 0.618823 1.63909 0.593828 0.701215 -0.225134 -0.324007
1305031107.375413 1.23006 0.589754 1.69918 0.57989 0.688803 -0.229905 -0.369352
1305031107.543605 1.29303 0.707319 1.70365 0.563538 0.682296 -0.26434 -0.383434
1305031107.711307 1.28908 0.715082 1.69304 0.571538 0.677692 -0.261099 -0.381974
1305031107.875358 1.29929 0.71823 1.66703 0.564129 0.684817 -0.258885 -0.381789
1305031108.043418 1.29751 0.767151 1.66234 0.557684 0.676998 -0.256842 -0.405825
1305031108.211475 1.32476 0.899454 1.67708 0.568953 0.663403 -0.260722 -0.410138
1305031108.375410 1.31957 0.966182 1.66227 0.577443 0.66224 -0.25464 -0.403925
1305031108.543737 1.239 1.10494 1.7011 0.60462 0.651448 -0.268403 -0.371497
1305031108.711411 1.30891 1.13578 1.65899 0.60512 0.636579 -0.250781 -0.407071
1305031108.876515 1.24004 1.20705 1.70706 0.60341 0.653062 -0.216916 -0.402932
1305031109.043277 1.22494 1.20302 1.70526 0.597753 0.655041 -0.237556 -0.396459
1305031109.211379 1.23678 1.1449 1.74026 0.586047 0.683688 -0.208432 -0.381675
1305031109.375397 1.20906 0.997391 1.71783 0.596583 0.69353 -0.188539 -0.357154
1305031109.543294 1.24578 0.920607 1.64869 0.578423 0.7013 -0.198539 -0.366317
1305031109.711312 1.20231 0.868027 1.69974 0.596355 0.708439 -0.185424 -0.328776
1305031109.875306 1.21 0.845674 1.65889 0.59359 0.718464 -0.195548 -0.305322
1305031110.043299 1.21138 0.785988 1.62162 0.568169 0.743897 -0.187903 -0.297478
1305031110.211637 1.21737 0.719274 1.58239 0.558547 0.756014 -0.180436 -0.289674
1305031110.379281 1.20326 0.637956 1.58562 0.553055 0.765023 -0.179327 -0.276969
1305031110.543408 1.22469 0.520935 1.56188 0.524881 0.791023 -0.156753 -0.272416
1305031110.711412 1.24282 0.489579 1.51522 0.503338 0.807384 -0.153809 -0.266692
1305031110.879313 1.23269 0.462461 1.50394 0.497284 0.813804 -0.145864 -0.262975
1305031111.043327 1.21606 0.505981 1.51604 0.50018 0.813309 -0.145895 -0.258966
1305031111.211433 1.16996 0.497443 1.55874 0.512202 0.808448 -0.108108 -0.269025
1305031111.379134 1.15812 0.520089 1.57488 0.518106 0.800907 -0.104543 -0.281399
1305031111.543250 1.13978 0.594198 1.61936 0.517141 0.795661 -0.109463 -0.295814
1305031111.711760 1.13149 0.680116 1.66119 0.53933 0.772386 -0.121213 -0.31281
1305031111.879442 1.13557 0.709735 1.69172 0.556443 0.737018 -0.0942888 -0.371868
1305031112.043270 1.11772 0.726256 1.707 0.583442 0.705231 -0.0920513 -0.392135
1305031112.211254 1.12541 0.802262 1.73616 0.572823 0.694166 -0.0709935 -0.430079
1305031112.379360 1.07305 0.737228 1.69054 0.560723 0.673238 -0.0463416 -0.479784
1305031112.543212 1.08354 0.782479 1.70394 0.577117 0.65727 -0.0798127 -0.478081
1305031112.711251 1.07645 0.838539 1.74314 0.609808 0.634673 -0.0810806 -0.467707
1305031112.879421 1.14864 0.864412 1.69995 0.611647 0.635889 -0.0867236 -0.462614
1305031113.043231 1.11811 0.840727 1.71405 0.614685 0.657516 -0.0782725 -0.428613
1305031113.211259 1.08677 0.775594 1.70851 0.615866 0.669358 -0.070247 -0.409554
1305031113.379312 1.10769 0.69662 1.67591 0.608871 0.683995 -0.0955886 -0.390243
1305031113.543242 1.06547 0.600799 1.64978 0.617086 0.69655 -0.0895913 -0.354961
1305031113.711931 1.03842 0.52927 1.63268 0.616778 0.707688 -0.0711486 -0.337195
1305031113.879281 0.989795 0.470757 1.61957 0.613777 0.717092 -0.0476224 -0.326786
1305031114.043301 0.980715 0.446799 1.58764 0.613926 0.718865 -0.0623268 -0.320068
1305031114.211303 1.00282 0.358398 1.5383 0.592936 0.731349 -0.070838 -0.32945
1305031114.379320 1.00701 0.275989 1.48373 0.570815 0.750317 -0.0701193 -0.326004
1305031114.543236 1.0186 0.260975 1.47264 0.567946 0.760114 -0.0954202 -0.30093
1305031114.711306 1.02223 0.278338 1.45116 0.571374 0.763248 -0.111384 -0.280316
1305031114.879281 1.03217 0.27161 1.45325 0.560849 0.770549 -0.111192 -0.281671
1305031115.043508 1.05885 0.310063 1.45419 0.564761 0.768705 -0.106102 -0.280855
1305031115.211374 1.05847 0.308667 1.43808 0.557358 0.765257 -0.0648643 -0.315478
1305031115.379166 1.06989 0.376888 1.47296 0.574335 0.74357 -0.0647542 -0.336229
1305031115.543604 1.02936 0.466812 1.51951 0.604135 0.728304 -0.0513574 -0.319305
1305031115.711320 1.05301 0.466235 1.49828 0.621357 0.685999 -0.0393777 -0.376524
1305031115.879198 1.06612 0.540671 1.55264 0.650917 0.644468 -0.0346394 -0.399709
1305031116.043164 1.08037 0.634906 1.6108 0.671302 0.618462 -0.0266886 -0.407611
1305031116.211299 1.10191 0.647743 1.60154 0.673574 0.588694 0.013722 -0.44671
1305031116.379384 1.0833 0.682536 1.62623 0.693387 0.535807 0.037217 -0.480355
1305031116.543262 1.1169 0.644083 1.59756 0.711899 0.495264 0.0170103 -0.497619
1305031116.711634 1.10605 0.597866 1.56908 0.690662 0.535386 0.0135164 -0.485967
1305031116.880165 1.1111 0.528111 1.53479 0.658554 0.586563 0.0109922 -0.471306
1305031117.043261 1.10012 0.44623 1.47969 0.633995 0.634 -0.0056389 -0.44279
1305031117.211361 1.09144 0.398054 1.44551 0.629044 0.662524 -0.0163709 -0.406322
1305031117.379454 1.06822 0.400133 1.44228 0.631269 0.669551 -0.0052764 -0.391373
1305031117.544285 1.04159 0.474708 1.47285 0.651029 0.665367 -0.0490716 -0.361994
1305031117.711184 1.02474 0.439509 1.47991 0.642575 0.666614 -0.054 -0.373907
1305031117.879451 0.92213 0.337247 1.50063 0.636591 0.6676 -0.00838376 -0.385995
1305031118.043521 0.915759 0.326564 1.47094 0.619374 0.667698 -0.00750559 -0.412915
1305031118.211202 0.855343 0.322361 1.49109 0.616355 0.66373 0.00298517 -0.423745
1305031118.379208 0.838093 0.353769 1.50951 0.605808 0.665905 -0.0267849 -0.434568
1305031118.544414 0.845448 0.357986 1.50991 0.606182 0.662031 -0.0374239 -0.439155
1305031118.711421 0.868737 0.374547 1.49513 0.602396 0.666822 -0.0280489 -0.437813
1305031118.879208 0.9136 0.398015 1.48869 0.608248 0.67049 -0.0357999 -0.423316
1305031119.047172 0.966462 0.389176 1.4605 0.604135 0.674576 -0.0214704 -0.423684
1305031119.211364 1.00761 0.323665 1.42382 0.594373 0.67906 -0.00494535 -0.430782
1305031119.379239 1.08928 0.319493 1.39249 0.580117 0.683782 -0.0141162 -0.442388
1305031119.547382 1.14301 0.325789 1.36562 0.583132 0.678638 -0.011797 -0.446394
1305031119.715232 1.19523 0.33742 1.33531 0.590587 0.672667 0.00407649 -0.445768
1305031119.879214 1.21364 0.324268 1.30612 0.598246 0.666687 0.0213623 -0.444042
1305031120.047290 1.2039 0.217729 1.26302 0.589187 0.653101 0.0994158 -0.465225
1305031120.215249 1.2007 0.21733 1.2646 0.595834 0.650005 0.0902118 -0.462965
1305031120.379437 1.15451 0.199573 1.28427 0.590471 0.650668 0.0913707 -0.468643
1305031120.547736 1.11653 0.209094 1.29871 0.589083 0.647906 0.0535246 -0.479931
1305031120.714522 1.08429 0.257305 1.32798 0.597151 0.649494 0.00468975 -0.470687
1305031120.883435 1.05514 0.2828 1.35311 0.595308 0.654341 -0.0135809 -0.466113
1305031121.047498 1.01901 0.271815 1.36503 0.584789 0.659092 -0.0109544 -0.472758
1305031121.211420 0.983509 0.30458 1.39013 0.586001 0.661306 -0.0363284 -0.466859
1305031121.383226 0.94076 0.292656 1.40364 0.582615 0.660226 -0.043345 -0.471998
1305031121.547270 0.936908 0.307928 1.43007 0.576231 0.658683 -0.0592616 -0.480189
1305031121.714520 0.938999 0.301866 1.40259 0.559586 0.655199 -0.05385 -0.504656
1305031121.882060 0.906568 0.279504 1.40832 0.573516 0.644288 -0.044152 -0.504007
1305031122.047306 0.924339 0.298725 1.40606 0.569129 0.651744 -0.0502506 -0.498795
1305031122.214959 0.940116 0.253972 1.42334 0.569722 0.657211 -0.0218825 -0.492962
1305031122.382630 0.982697 0.222448 1.37786 0.567062 0.666072 0.0103779 -0.48444
1305031122.551490 1.03567 0.229074 1.35176 0.568226 0.677242 0.00738864 -0.467342
1305031122.715208 1.06652 0.230862 1.3375 0.573584 0.677344 0.00590801 -0.46062
1305031122.883754 1.13602 0.248137 1.3166 0.576807 0.674637 0.0142429 -0.460387
1305031123.051827 1.15229 0.259428 1.30713 0.596576 0.664747 0.0145026 -0.449441
1305031123.214704 1.2512 0.290861 1.26192 0.605822 0.650252 -0.00623397 -0.458381
1305031123.382255 1.29287 0.301843 1.22086 0.617108 0.636228 0.0219086 -0.462506
1305031123.551513 1.32186 0.316673 1.20427 0.634133 0.622798 0.0288891 -0.457344
1305031123.711323 1.36892 0.334122 1.18459 0.641732 0.61392 0.0353397 -0.458294
1305031123.883786 1.35439 0.364177 1.19823 0.656118 0.615845 0.0304791 -0.435103
1305031124.051505 1.32489 0.360955 1.22614 0.657445 0.621278 0.0194417 -0.425913
1305031124.211396 1.2825 0.40645 1.26555 0.65596 0.634208 -0.0145602 -0.409006
1305031124.382420 1.3155 0.403452 1.21638 0.611646 0.644965 -0.0554782 -0.454788
1305031124.550437 1.27531 0.393323 1.25823 0.591635 0.65455 -0.0740906 -0.464804
1305031124.711251 1.23392 0.38843 1.28398 0.568272 0.666012 -0.0899304 -0.474771
1305031124.879355 1.18548 0.364277 1.29129 0.552316 0.66982 -0.0887113 -0.488282
1305031125.050763 1.1299 0.370374 1.32868 0.554999 0.668533 -0.0991836 -0.484977
1305031125.211320 1.07863 0.335107 1.3457 0.556466 0.663508 -0.0884205 -0.492223
1305031125.379401 1.0031 0.275589 1.38381 0.548494 0.669458 -0.0561694 -0.497821
1305031125.551020 0.968897 0.278198 1.4067 0.552912 0.661921 -0.0402188 -0.504511
1305031125.711443 0.964786 0.275573 1.41556 0.554225 0.660818 -0.0497837 -0.503662
1305031125.879318 1.01885 0.287328 1.38585 0.543288 0.665364 -0.0537994 -0.50915
1305031126.047324 1.06756 0.304951 1.36467 0.553032 0.675028 -0.064717 -0.484051
1305031126.211319 1.11002 0.29776 1.32845 0.56497 0.671186 -0.0395669 -0.478281
1305031126.379423 1.12609 0.309853 1.31517 0.581351 0.669551 -0.00526575 -0.462283
1305031126.547374 1.18128 0.327157 1.28299 0.589463 0.66775 0.00230264 -0.454575
1305031126.711583 1.24211 0.371059 1.27016 0.592284 0.665222 -0.00269185 -0.454611
1305031126.879357 1.2577 0.37871 1.26911 0.59991 0.656616 0.000910243 -0.457124
1305031127.047297 1.26171 0.367353 1.26207 0.600635 0.65182 0.00308176 -0.462988
1305031127.211700 1.24905 0.36446 1.26994 0.601856 0.656585 -0.00432804 -0.454585
1305031127.379262 1.21731 0.409274 1.30115 0.602237 0.671522 -0.0224071 -0.431122
1305031127.547348 1.22117 0.420858 1.29386 0.59816 0.674182 -0.0355733 -0.431762
1305031127.711375 1.22068 0.427791 1.28976 0.594628 0.676099 -0.0415086 -0.43311
1305031127.879380 1.22205 0.410212 1.28047 0.592987 0.672586 -0.0386547 -0.441022
1305031128.047369 1.21537 0.407129 1.27908 0.595237 0.672996 -0.0339014 -0.437745
1305031128.211447 1.19698 0.419564 1.30612 0.613119 0.667417 -0.0426026 -0.420505
1305031128.379404 1.18449 0.406451 1.3009 0.611973 0.66772 -0.0370102 -0.422219
1305031128.547399 1.18796 0.404377 1.30019 0.606583 0.670587 -0.0353586 -0.425582
1305031128.711457 1.22396 0.408534 1.29454 0.603644 0.668262 -0.0543937 -0.431371
