3 runs of our method (without optimizing intrinsics)

Pose errors after optimization:
 Angle errors: 6.4965, -9.12474, 7.30032
 Translational error: 0.197691

 Angle errors: 6.48534, 1.20811, 11.6241
 Translational error: 0.197877

Map errors after optimization:
1
0.101899 | 0 0 1

2
0.273786 | 0.2 0.3   2

3
0.600229 |  -1  -3 0.5

4
0.114685 |  0.3 -0.5  0.3

5
0.806229 |    1 -0.9    4

6
0.374892 |  -1  -1 0.3

7
0.370588 |    2 -2.2  1.5

8
0.133315 | 0.2 0.5 0.5

9
0.24233 |  -0.9 -0.01   1.2

10
0.291148 |  0.7 0.02  0.2

11
0.520729 | 1.2 2.4   2

12
0.12161 | -0.4  0.4  1.2

13
0.210541 | -0.2 -0.8 1.02

14
0.279633 | -0.7 -0.6  0.3

15
0.286064 |  1.6 -0.2  0.9

16
0.311461 | -0.1    2  2.4

Pose errors after optimization:
 Angle errors: 0.43408, 4.64318, 4.29265
 Translational error: 0.376273

 Angle errors: 0.423404, 6.13091, -1.5915
 Translational error: 0.376321

Map errors after optimization:
1
0.368564 | 0 0 1

2
0.374079 | 0.2 0.3   2

3
0.497538 |  -1  -3 0.5

4
0.406595 |  0.3 -0.5  0.3

5
0.432701 |    1 -0.9    4

6
0.359238 |  -1  -1 0.3

7
0.593793 |    2 -2.2  1.5

8
0.381151 | 0.2 0.5 0.5

9
0.319505 |  -0.9 -0.01   1.2

10
1.16957 |  0.7 0.02  0.2

11
0.506596 | 1.2 2.4   2

12
1.61824 | -0.4  0.4  1.2

13
0.378008 | -0.2 -0.8 1.02

14
0.352252 | -0.7 -0.6  0.3

15
2.05087 |  1.6 -0.2  0.9

16
0.402609 | -0.1    2  2.4

Pose errors after optimization:
 Angle errors: 6.96675, -8.94893, -6.45435
 Translational error: 0.301912

 Angle errors: 6.94579, -10.2503, 4.05626
 Translational error: 0.302022

Map errors after optimization:
1
0.274948 | 0 0 1

2
0.301462 | 0.2 0.3   2

3
0.866989 |  -1  -3 0.5

4
0.344852 |  0.3 -0.5  0.3

5
3.2451 |    1 -0.9    4

6
0.86972 |  -1  -1 0.3

7
0.804536 |    2 -2.2  1.5

8
0.249939 | 0.2 0.5 0.5

9
0.308892 |  -0.9 -0.01   1.2

10
0.53491 |  0.7 0.02  0.2

11
0.611008 | 1.2 2.4   2

12
0.255116 | -0.4  0.4  1.2

13
0.388461 | -0.2 -0.8 1.02

14
0.931998 | -0.7 -0.6  0.3

15
1.74239 |  1.6 -0.2  0.9

16
0.456714 | -0.1    2  2.4