3 runs of chd
Pose errors after optimization:
 Angle errors: -9.59544, -3.28722, 9.04674
 Translational error: 0.386918

 Angle errors: -9.61975, 5.8834, 7.66002
 Translational error: 0.388118

Map errors after optimization:
1
0.718965 | 0 0 1

2
1465.08 | 0.2 0.3   2

3
1.72439 |  -1  -3 0.5

4
835.759 |  0.3 -0.5  0.3

5
5451.94 |    1 -0.9    4

6
0.587755 |  -1  -1 0.3

7
135.238 |    2 -2.2  1.5

8
0.61314 | 0.2 0.5 0.5

9
2029.56 |  -0.9 -0.01   1.2

10
1.17963 |  0.7 0.02  0.2

11
2.99659 | 1.2 2.4   2

12
30.6551 | -0.4  0.4  1.2

13
52.4081 | -0.2 -0.8 1.02

14
0.599048 | -0.7 -0.6  0.3

15
0.892985 |  1.6 -0.2  0.9

16
3.73024 | -0.1    2  2.4

Pose errors after optimization:
 Angle errors: -5.94967, -8.44729, -4.32951
 Translational error: 0.278816

 Angle errors: -5.94469, -8.19528, 4.77877
 Translational error: 0.278822

Map errors after optimization:
1
1.20021 | 0 0 1

2
2.18905 | 0.2 0.3   2

3
13.5163 |  -1  -3 0.5

4
0.918323 |  0.3 -0.5  0.3

5
4.49379 |    1 -0.9    4

6
1.26569 |  -1  -1 0.3

7
5.05106 |    2 -2.2  1.5

8
0.825796 | 0.2 0.5 0.5

9
160.392 |  -0.9 -0.01   1.2

10
5.2636 |  0.7 0.02  0.2

11
3.36686 | 1.2 2.4   2

12
1.42185 | -0.4  0.4  1.2

13
15.6807 | -0.2 -0.8 1.02

14
0.994021 | -0.7 -0.6  0.3

15
15.8625 |  1.6 -0.2  0.9

16
4.2493 | -0.1    2  2.4

Pose errors after optimization:
 Angle errors: 8.03149, 0.682242, 2.152
 Translational error: 0.431959

 Angle errors: 8.0307, 2.17859, 0.589575
 Translational error: 0.432026

Map errors after optimization:
1
676.413 | 0 0 1

2
3.44452 | 0.2 0.3   2

3
2332.25 |  -1  -3 0.5

4
711.581 |  0.3 -0.5  0.3

5
2.79921 |    1 -0.9    4

6
249.717 |  -1  -1 0.3

7
259.912 |    2 -2.2  1.5

8
0.655608 | 0.2 0.5 0.5

9
531.129 |  -0.9 -0.01   1.2

10
0.766497 |  0.7 0.02  0.2

11
3.08522 | 1.2 2.4   2

12
1.94743 | -0.4  0.4  1.2

13
44.9813 | -0.2 -0.8 1.02

14
223.391 | -0.7 -0.6  0.3

15
2.93578 |  1.6 -0.2  0.9

16
2.52734 | -0.1    2  2.4