3 runs with snavely reprojection error

Pose errors after optimization:
 Angle errors: 2.18527, -11.3632, 3.42602
 Translational error: 0.314378

 Angle errors: 2.18838, -3.28905, 11.4145
 Translational error: 0.314201

Map errors after optimization:
1
1.28338 | 0 0 1

2
819.703 | 0.2 0.3   2

3
3.07604 |  -1  -3 0.5

4
0.840469 |  0.3 -0.5  0.3

5
4.80627 |    1 -0.9    4

6
60.965 |  -1  -1 0.3

7
3.38001 |    2 -2.2  1.5

8
1.53438 | 0.2 0.5 0.5

9
0.603714 |  -0.9 -0.01   1.2

10
1.53542 |  0.7 0.02  0.2

11
3.34006 | 1.2 2.4   2

12
1.17412 | -0.4  0.4  1.2

13
19.9366 | -0.2 -0.8 1.02

14
0.764836 | -0.7 -0.6  0.3

15
10.7658 |  1.6 -0.2  0.9

16
2.44657 | -0.1    2  2.4

Pose errors after optimization:
 Angle errors: -10.0035, 9.20433, -4.4151
 Translational error: 0.317472

 Angle errors: -9.99081, 1.26652, -10.132
 Translational error: 0.31747

Map errors after optimization:
1
774.456 | 0 0 1

2
298.508 | 0.2 0.3   2

3
123.404 |  -1  -3 0.5

4
0.746283 |  0.3 -0.5  0.3

5
115.407 |    1 -0.9    4

6
1.63107 |  -1  -1 0.3

7
7.81421 |    2 -2.2  1.5

8
2.79634 | 0.2 0.5 0.5

9
30.8101 |  -0.9 -0.01   1.2

10
7.74129 |  0.7 0.02  0.2

11
3.0261 | 1.2 2.4   2

12
12.4592 | -0.4  0.4  1.2

13
1.90453 | -0.2 -0.8 1.02

14
1.13068 | -0.7 -0.6  0.3

15
1.64031 |  1.6 -0.2  0.9

16
1.09959 | -0.1    2  2.4

Pose errors after optimization:
 Angle errors: 7.15824, -10.4178, 2.11734
 Translational error: 0.373871

 Angle errors: 7.16021, -3.84602, 9.91274
 Translational error: 0.37345

Map errors after optimization:
1
4483.02 | 0 0 1

2
5004.88 | 0.2 0.3   2

3
42388.3 |  -1  -3 0.5

4
310.888 |  0.3 -0.5  0.3

5
2284.44 |    1 -0.9    4

6
17.271 |  -1  -1 0.3

7
16900.7 |    2 -2.2  1.5

8
2.46317 | 0.2 0.5 0.5

9
3914.82 |  -0.9 -0.01   1.2

10
13.8398 |  0.7 0.02  0.2

11
2.54219 | 1.2 2.4   2

12
0.97449 | -0.4  0.4  1.2

13
364.642 | -0.2 -0.8 1.02

14
10.7903 | -0.7 -0.6  0.3

15
26.3378 |  1.6 -0.2  0.9

16
2.40996 | -0.1    2  2.4
